,name,id,team,position,mean_points,mean_minutes,mean_goals_scored,mean_assists,mean_clean_sheets,mean_goals_conceded,mean_own_goals,mean_saves,mean_bonus,mean_bps,mean_influence,mean_creativity,mean_threat,mean_ict,mean_xg,mean_xa,mean_xgi,mean_xgc,latest_points
0,Cédric Alves Soares,1,Arsenal,DEF,0.4,5.6,0.0,0.0,0.0,0.0,0.0,0.0,0.0,1.0,0.48,0.32,0.0,0.08,0.0,0.001958,0.001958,0.0087,0
0,Rob Holding,5,Arsenal,DEF,0.4,0.8,0.0,0.0,0.0,0.0,0.0,0.0,0.0,1.2,0.2,0.0,0.0,0.02,0.0,0.0,0.0,0.028100000000000003,0
0,Kieran Tierney,8,Arsenal,DEF,0.8,25.6,0.0,0.0,0.0,0.6,0.0,0.0,0.0,4.2,3.4799999999999995,3.04,0.8,0.74,0.0,0.010344,0.010344,0.36994000000000005,0
0,Benjamin White,10,Arsenal,DEF,4.4,83.8,0.0,0.0,0.6,0.2,0.0,0.0,0.4,21.0,13.48,16.18,3.6,3.34,0.05678,0.120242,0.17702199999999998,0.56658,7
0,Takehiro Tomiyasu,14,Arsenal,DEF,1.2,18.4,0.0,0.0,0.2,0.4,0.0,0.0,0.0,5.8,2.04,3.2600000000000002,3.6,0.8800000000000001,0.0157,0.007934,0.023634,0.23434,1
0,Gabriel dos Santos Magalhães,16,Arsenal,DEF,5.6,90.0,0.2,0.0,0.6,0.6,0.0,0.0,0.6,22.0,20.04,2.06,13.6,3.5800000000000005,0.26315999999999995,0.018624,0.281784,0.72334,6
0,Nuno Varela Tavares,17,Arsenal,DEF,0.0,0.0,0.0,0.0,0.0,0.0,0.0,0.0,0.0,0.0,0.0,0.0,0.0,0.0,0.0,0.0,0.0,0.0,0
0,Pablo Marí Villar,20,Arsenal,DEF,0.0,0.0,0.0,0.0,0.0,0.0,0.0,0.0,0.0,0.0,0.0,0.0,0.0,0.0,0.0,0.0,0.0,0.0,0
0,William Saliba,26,Arsenal,DEF,4.8,87.0,0.0,0.0,0.6,0.6,0.0,0.0,0.6,20.6,15.88,3.84,8.2,2.8200000000000003,0.10866,0.009726,0.11838600000000002,0.7146399999999999,7
0,Oleksandr Zinchenko,313,Arsenal,DEF,3.2,48.6,0.0,0.0,0.4,0.0,0.0,0.0,0.4,13.2,9.040000000000001,9.239999999999998,7.6,2.6,0.07914,0.043148000000000006,0.122288,0.27582,5
0,Lino Sousa,631,Arsenal,DEF,0.0,0.0,0.0,0.0,0.0,0.0,0.0,0.0,0.0,0.0,0.0,0.0,0.0,0.0,0.0,0.0,0.0,0.0,0
0,Calum Chambers,32,Aston Villa,DEF,0.0,1.6,0.0,0.0,0.0,0.0,0.0,0.0,0.0,-0.6,0.0,0.06,0.2,0.0,0.009600000000000001,0.000492,0.010092,0.0046,0
0,Lucas Digne,33,Aston Villa,DEF,4.2,72.0,0.2,0.0,0.2,1.0,0.0,0.0,0.6,15.8,20.08,18.2,6.8,4.5,0.018959999999999998,0.08729400000000001,0.106254,0.97624,2
0,Kortney Hause,38,Aston Villa,DEF,0.0,0.0,0.0,0.0,0.0,0.0,0.0,0.0,0.0,0.0,0.0,0.0,0.0,0.0,0.0,0.0,0.0,0.0,0
0,Tyrone Mings,39,Aston Villa,DEF,1.6,90.0,0.0,0.0,0.2,1.8,0.0,0.0,0.0,12.6,14.280000000000001,0.38,0.8,1.5599999999999998,0.0,0.0050479999999999995,0.0050479999999999995,1.5587199999999999,7
0,Matty Cash,43,Aston Villa,DEF,0.8,54.4,0.0,0.0,0.0,1.2,0.0,0.0,0.0,7.6,7.32,4.1,0.6,1.2,0.0031399999999999996,0.050868000000000003,0.054008,0.78934,2
0,Ezri Konsa Ngoyo,44,Aston Villa,DEF,2.0,88.2,0.0,0.0,0.2,1.8,0.0,0.0,0.0,15.6,14.319999999999999,0.26,0.4,1.5,0.0,0.001878,0.001878,1.55412,2
0,Diego Carlos Santos Silva,50,Aston Villa,DEF,0.0,0.0,0.0,0.0,0.0,0.0,0.0,0.0,0.0,0.0,0.0,0.0,0.0,0.0,0.0,0.0,0.0,0.0,0
0,Frédéric Guilbert,56,Aston Villa,DEF,0.0,0.0,0.0,0.0,0.0,0.0,0.0,0.0,0.0,0.0,0.0,0.0,0.0,0.0,0.0,0.0,0.0,0.0,0
0,Jan Bednarek,410,Aston Villa,DEF,0.2,1.6,0.0,0.0,0.0,0.0,0.0,0.0,0.0,0.6,1.28,0.02,0.0,0.13999999999999999,0.0,0.000194,0.000194,0.0046,0
0,Ludwig Augustinsson,525,Aston Villa,DEF,0.2,1.6,0.0,0.0,0.0,0.0,0.0,0.0,0.0,0.6,0.08,0.0,0.0,0.0,0.0,2.4e-05,2.4e-05,0.06423999999999999,1
0,Kaine Kesler Hayden,537,Aston Villa,DEF,0.0,0.0,0.0,0.0,0.0,0.0,0.0,0.0,0.0,0.0,0.0,0.0,0.0,0.0,0.0,0.0,0.0,0.0,0
0,Ashley Young,538,Aston Villa,DEF,1.8,60.4,0.0,0.0,0.2,1.4,0.0,0.0,0.2,9.4,8.120000000000001,1.12,2.4,1.16,0.009260000000000001,0.011172,0.020432,1.39332,1
0,Lamare Bogarde,638,Aston Villa,DEF,0.0,0.0,0.0,0.0,0.0,0.0,0.0,0.0,0.0,0.0,0.0,0.0,0.0,0.0,0.0,0.0,0.0,0.0,0
0,Adam Smith,57,Bournemouth,DEF,3.0,90.0,0.0,0.2,0.2,2.2,0.0,0.0,0.6,15.8,16.8,6.8199999999999985,1.2,2.4800000000000004,0.0,0.067302,0.067302,1.66268,0
0,Ryan Fredericks,59,Bournemouth,DEF,0.4,16.8,0.0,0.0,0.0,0.8,0.0,0.0,0.0,1.8,1.92,0.12,0.0,0.2,0.0,0.000766,0.000766,0.4239,0
0,Jack Stacey,65,Bournemouth,DEF,0.2,12.4,0.0,0.0,0.0,0.6,0.0,0.0,0.0,1.2,0.76,0.08,1.2,0.18,0.01784,0.00044,0.018279999999999998,0.36974,0
0,Chris Mepham,71,Bournemouth,DEF,0.0,36.0,0.0,0.0,0.0,1.4,0.0,0.0,0.0,4.4,9.879999999999999,2.08,5.4,1.72,0.01552,0.08464600000000001,0.100166,0.8504999999999999,1
0,Lloyd Kelly,73,Bournemouth,DEF,0.2,36.0,0.0,0.0,0.0,0.8,0.0,0.0,0.0,4.4,5.96,0.26,0.8,0.72,0.0207,0.0092,0.0299,0.6467,1
0,Jordan Zemura,76,Bournemouth,DEF,1.8,67.8,0.0,0.0,0.2,1.4,0.0,0.0,0.0,7.2,11.28,11.059999999999999,3.6,2.6000000000000005,0.0,0.052364,0.052364,1.1067,0
0,Jack Stephens,404,Bournemouth,DEF,1.4,18.2,0.0,0.0,0.2,0.2,0.0,0.0,0.0,5.2,3.9199999999999995,2.06,0.4,0.64,0.0,0.013033999999999999,0.013033999999999999,0.23890000000000003,0
0,James Hill,539,Bournemouth,DEF,0.0,0.0,0.0,0.0,0.0,0.0,0.0,0.0,0.0,0.0,0.0,0.0,0.0,0.0,0.0,0.0,0.0,0.0,0
0,Marcos Senesi,576,Bournemouth,DEF,1.4,89.4,0.0,0.0,0.2,2.2,0.0,0.0,0.0,15.6,19.759999999999998,2.66,0.8,2.3400000000000003,0.0,0.007462000000000001,0.007462000000000001,1.65536,1
0,Owen Bevan,598,Bournemouth,DEF,0.0,0.0,0.0,0.0,0.0,0.0,0.0,0.0,0.0,0.0,0.0,0.0,0.0,0.0,0.0,0.0,0.0,0.0,0
0,Pontus Jansson,78,Brentford,DEF,0.2,0.2,0.0,0.0,0.0,0.0,0.0,0.0,0.0,0.6,0.0,0.02,0.0,0.0,0.0,6e-06,6e-06,0.00702,0
0,Sergi Canós Tenés,82,Brentford,DEF,0.4,3.2,0.0,0.0,0.0,0.2,0.0,0.0,0.0,1.0,0.8400000000000001,0.16,1.2,0.24,0.01454,0.003982,0.018522,0.12612,1
0,Kristoffer Ajer,84,Brentford,DEF,0.4,16.4,0.0,0.0,0.0,0.2,0.0,0.0,0.0,2.6,2.48,0.24,0.0,0.27999999999999997,0.0,0.001288,0.001288,0.1103,0
0,Rico Henry,85,Brentford,DEF,2.4,90.0,0.0,0.0,0.2,1.2,0.0,0.0,0.0,12.4,10.8,9.440000000000001,2.0,2.2199999999999998,0.01236,0.07979,0.09215,1.20088,2
0,Mads Roerslev Rasmussen,90,Brentford,DEF,2.2,73.4,0.0,0.0,0.2,1.0,0.0,0.0,0.0,11.8,9.959999999999999,8.1,1.6,1.9600000000000002,0.0,0.040594,0.040594,1.0905799999999999,2
0,Mads Bech Sørensen,91,Brentford,DEF,0.0,0.0,0.0,0.0,0.0,0.0,0.0,0.0,0.0,0.0,0.0,0.0,0.0,0.0,0.0,0.0,0.0,0.0,1
0,Ethan Pinnock,92,Brentford,DEF,2.6,90.0,0.0,0.0,0.2,1.2,0.0,0.0,0.2,17.8,29.440000000000005,8.260000000000002,7.6,4.540000000000001,0.06204,0.026839999999999996,0.08888,1.20088,2
0,Charlie Goode,96,Brentford,DEF,0.0,0.0,0.0,0.0,0.0,0.0,0.0,0.0,0.0,0.0,0.0,0.0,0.0,0.0,0.0,0.0,0.0,0.0,0
0,Dominic Thompson,98,Brentford,DEF,0.0,0.0,0.0,0.0,0.0,0.0,0.0,0.0,0.0,0.0,0.0,0.0,0.0,0.0,0.0,0.0,0.0,0.0,0
0,Aaron Hickey,510,Brentford,DEF,0.0,0.0,0.0,0.0,0.0,0.0,0.0,0.0,0.0,0.0,0.0,0.0,0.0,0.0,0.0,0.0,0.0,0.0,0
0,Ben Mee,526,Brentford,DEF,4.8,90.0,0.2,0.2,0.2,1.2,0.0,0.0,0.6,19.8,25.639999999999997,4.5600000000000005,7.0,3.7199999999999998,0.0383,0.013047999999999999,0.051348000000000005,1.20088,2
0,Fin Stevens,540,Brentford,DEF,0.0,0.0,0.0,0.0,0.0,0.0,0.0,0.0,0.0,0.0,0.0,0.0,0.0,0.0,0.0,0.0,0.0,0.0,0
0,Mathias Jorgensen,595,Brentford,DEF,1.6,55.8,0.0,0.0,0.2,0.8,0.2,0.0,0.0,8.2,18.560000000000002,0.28,3.4,2.2399999999999998,0.00892,0.0011259999999999998,0.010046000000000001,0.89832,1
0,Tristan Crama,646,Brentford,DEF,0.0,0.0,0.0,0.0,0.0,0.0,0.0,0.0,0.0,0.0,0.0,0.0,0.0,0.0,0.0,0.0,0.0,0.0,0
0,Lewis Dunk,106,Brighton,DEF,1.8,90.0,0.0,0.2,0.0,2.0,0.0,0.0,0.0,14.6,17.44,1.9600000000000002,6.0,2.56,0.018879999999999997,0.016484,0.035364,1.77338,2
0,Adam Webster,108,Brighton,DEF,0.6,36.0,0.0,0.0,0.0,0.6,0.0,0.0,0.0,5.8,5.92,0.6,3.2,0.9600000000000002,0.07872,0.004758,0.083478,0.5170600000000001,0
0,Joël Veltman,109,Brighton,DEF,1.4,24.4,0.0,0.2,0.0,0.2,0.0,0.0,0.0,6.4,9.64,5.14,0.4,1.54,0.0,0.00594,0.00594,0.41445999999999994,6
0,Tariq Lamptey,114,Brighton,DEF,0.6,24.6,0.0,0.0,0.0,0.8,0.0,0.0,0.0,5.4,6.960000000000001,6.640000000000001,3.2,1.6600000000000001,0.0064600000000000005,0.024962,0.031422,0.61556,1
0,Haydon Roberts,122,Brighton,DEF,0.0,0.0,0.0,0.0,0.0,0.0,0.0,0.0,0.0,0.0,0.0,0.0,0.0,0.0,0.0,0.0,0.0,0.0,0
0,Matt Clarke,543,Brighton,DEF,0.0,0.0,0.0,0.0,0.0,0.0,0.0,0.0,0.0,0.0,0.0,0.0,0.0,0.0,0.0,0.0,0.0,0.0,0
0,Jan Paul van Hecke,544,Brighton,DEF,0.0,0.0,0.0,0.0,0.0,0.0,0.0,0.0,0.0,0.0,0.0,0.0,0.0,0.0,0.0,0.0,0.0,0.0,0
0,Levi Colwill,559,Brighton,DEF,0.6,54.0,0.0,0.0,0.0,1.4,0.0,0.0,0.0,8.2,8.0,1.34,0.8,1.04,0.03592,0.007828,0.043748,1.2563199999999999,2
0,Pervis Estupiñán,586,Brighton,DEF,2.2,86.2,0.0,0.2,0.0,2.0,0.0,0.0,0.4,12.2,13.680000000000001,18.32,12.8,4.5,0.01724,0.029262,0.046502,1.7417200000000002,2
0,Ed Turns,640,Brighton,DEF,0.0,0.0,0.0,0.0,0.0,0.0,0.0,0.0,0.0,0.0,0.0,0.0,0.0,0.0,0.0,0.0,0.0,0.0,0
0,James Furlong,652,Brighton,DEF,0.0,0.0,0.0,0.0,0.0,0.0,0.0,0.0,0.0,0.0,0.0,0.0,0.0,0.0,0.0,0.0,0.0,0.0,0
0,Marc Cucurella Saseta,112,Chelsea,DEF,2.6,70.8,0.0,0.0,0.2,0.6,0.0,0.0,0.0,13.2,14.719999999999999,5.4399999999999995,4.0,2.42,0.01004,0.0444,0.05444,1.0867799999999999,0
0,César Azpilicueta,127,Chelsea,DEF,1.2,70.4,0.0,0.0,0.0,0.6,0.0,0.0,0.0,7.2,15.84,5.540000000000001,3.2,2.48,0.00482,0.026668000000000004,0.031488,1.26644,0
0,Thiago Emiliano da Silva,128,Chelsea,DEF,2.8,88.6,0.0,0.0,0.2,0.8,0.0,0.0,0.0,17.8,21.520000000000003,1.28,2.8,2.56,0.04354,0.035533999999999996,0.079074,1.4187400000000001,0
0,Marcos Alonso,129,Chelsea,DEF,0.0,0.0,0.0,0.0,0.0,0.0,0.0,0.0,0.0,0.0,0.0,0.0,0.0,0.0,0.0,0.0,0.0,0.0,0
0,Robert Kenedy Nunes do Nascimento,138,Chelsea,DEF,0.0,0.0,0.0,0.0,0.0,0.0,0.0,0.0,0.0,0.0,0.0,0.0,0.0,0.0,0.0,0.0,0.0,0.0,0
0,Ben Chilwell,139,Chelsea,DEF,0.0,0.0,0.0,0.0,0.0,0.0,0.0,0.0,0.0,0.0,0.0,0.0,0.0,0.0,0.0,0.0,0.0,0.0,0
0,Trevoh Chalobah,141,Chelsea,DEF,0.8,36.4,0.0,0.0,0.0,0.4,0.0,0.0,0.0,6.4,5.8,0.6,0.4,0.6799999999999999,0.0,0.0028239999999999997,0.0028239999999999997,0.6873,0
0,Malang Sarr,143,Chelsea,DEF,0.0,0.0,0.0,0.0,0.0,0.0,0.0,0.0,0.0,0.0,0.0,0.0,0.0,0.0,0.0,0.0,0.0,0.0,0
0,Reece James,146,Chelsea,DEF,0.2,10.4,0.0,0.0,0.0,0.0,0.0,0.0,0.0,1.2,1.9600000000000002,0.5599999999999999,5.4,0.8,0.033479999999999996,0.002472,0.035952,0.006660000000000001,0
0,Ethan Ampadu,151,Chelsea,DEF,0.0,0.0,0.0,0.0,0.0,0.0,0.0,0.0,0.0,0.0,0.0,0.0,0.0,0.0,0.0,0.0,0.0,0.0,0
0,Wesley Fofana,272,Chelsea,DEF,0.0,0.0,0.0,0.0,0.0,0.0,0.0,0.0,0.0,0.0,0.0,0.0,0.0,0.0,0.0,0.0,0.0,0.0,0
0,Kalidou Koulibaly,520,Chelsea,DEF,2.0,72.0,0.0,0.0,0.2,0.6,0.0,0.0,0.0,9.8,10.919999999999998,5.14,2.4,1.86,0.00818,0.032508,0.040688,0.9680199999999999,0
0,Bashir Humphreys,673,Chelsea,DEF,0.0,0.0,0.0,0.0,0.0,0.0,0.0,0.0,0.0,0.0,0.0,0.0,0.0,0.0,0.0,0.0,0.0,0.0,0
0,James Tomkins,153,Crystal Palace,DEF,-0.6,11.2,0.0,0.0,0.0,0.6,0.0,0.0,0.0,-0.4,0.5599999999999999,0.0,0.0,0.06,0.0,0.00016999999999999999,0.00016999999999999999,0.88232,0
0,Joel Ward,156,Crystal Palace,DEF,2.6,46.6,0.0,0.0,0.4,0.4,0.0,0.0,0.2,10.8,10.48,1.44,0.0,1.1800000000000002,0.0,0.009184,0.009184,0.75404,0
0,Nathaniel Clyne,157,Crystal Palace,DEF,2.4,64.6,0.0,0.0,0.2,0.6,0.0,0.0,0.0,11.8,8.120000000000001,3.46,0.8,1.2399999999999998,0.0,0.01683,0.01683,0.62144,0
0,Joachim Andersen,165,Crystal Palace,DEF,3.2,90.0,0.0,0.0,0.4,1.0,0.0,0.0,0.0,18.2,20.88,0.8400000000000001,5.8,2.7399999999999998,0.045200000000000004,0.017506,0.06270600000000001,1.17592,0
0,Marc Guéhi,167,Crystal Palace,DEF,3.0,72.0,0.0,0.0,0.4,0.4,0.0,0.0,0.0,15.2,12.559999999999999,1.0,3.8,1.7399999999999998,0.01464,0.008618,0.023258,0.65476,0
0,Tyrick Mitchell,170,Crystal Palace,DEF,2.0,54.4,0.0,0.2,0.2,1.0,0.0,0.0,0.6,8.0,9.88,5.700000000000001,9.6,2.5200000000000005,0.01958,0.07858000000000001,0.09816,1.34252,0
0,Nathan Ferguson,174,Crystal Palace,DEF,0.0,0.0,0.0,0.0,0.0,0.0,0.0,0.0,0.0,0.0,0.0,0.0,0.0,0.0,0.0,0.0,0.0,0.0,0
0,Chris Richards,530,Crystal Palace,DEF,0.0,6.0,0.0,0.0,0.0,0.4,0.0,0.0,0.0,1.0,1.48,0.0,0.0,0.13999999999999999,0.0,8.000000000000001e-06,8.000000000000001e-06,0.36116000000000004,0
0,Kofi Balmer,642,Crystal Palace,DEF,0.0,0.0,0.0,0.0,0.0,0.0,0.0,0.0,0.0,0.0,0.0,0.0,0.0,0.0,0.0,0.0,0.0,0.0,0
0,Seamus Coleman,178,Everton,DEF,2.2,42.8,0.0,0.0,0.2,0.4,0.0,0.0,0.0,10.2,7.040000000000001,2.8,4.8,1.48,0.005,0.041126,0.046126,1.07484,1
0,Michael Keane,180,Everton,DEF,0.0,0.0,0.0,0.0,0.0,0.0,0.0,0.0,0.0,0.0,0.0,0.0,0.0,0.0,0.0,0.0,0.0,0.0,0
0,Yerry Mina,188,Everton,DEF,2.2,15.0,0.2,0.0,0.0,0.2,0.0,0.0,0.6,5.0,8.440000000000001,0.08,3.4,1.2,0.017419999999999998,0.00031800000000000003,0.017738,0.09636,0
0,Mason Holgate,192,Everton,DEF,0.0,0.0,0.0,0.0,0.0,0.0,0.0,0.0,0.0,0.0,0.0,0.0,0.0,0.0,0.0,0.0,0.0,0.0,0
0,Ben Godfrey,193,Everton,DEF,0.6,20.8,0.0,0.0,0.0,0.4,0.0,0.0,0.0,1.8,2.24,0.08,3.6,0.6,0.10822000000000001,0.000566,0.10878600000000001,0.35746,0
0,Vitalii Mykolenko,194,Everton,DEF,2.0,77.6,0.0,0.0,0.2,1.4,0.0,0.0,0.0,13.6,16.04,10.18,2.8,2.92,0.0081,0.036261999999999996,0.044362,1.67214,0
0,Jarrad Branthwaite,196,Everton,DEF,0.0,0.0,0.0,0.0,0.0,0.0,0.0,0.0,0.0,0.0,0.0,0.0,0.0,0.0,0.0,0.0,0.0,0.0,0
0,Nathan Patterson,197,Everton,DEF,0.8,58.8,0.0,0.0,0.0,1.4,0.0,0.0,0.0,4.6,6.44,4.02,4.4,1.4999999999999998,0.02478,0.01356,0.03834,1.0550199999999998,0
0,Niels Nkounkou,198,Everton,DEF,0.0,0.0,0.0,0.0,0.0,0.0,0.0,0.0,0.0,0.0,0.0,0.0,0.0,0.0,0.0,0.0,0.0,0.0,0
0,James Tarkowski,199,Everton,DEF,2.4,90.0,0.0,0.0,0.2,1.6,0.0,0.0,0.4,17.0,31.920000000000005,6.859999999999999,13.8,5.26,0.0476,0.13120800000000002,0.17880800000000002,1.9010199999999997,0
0,Conor Coady,475,Everton,DEF,2.2,72.0,0.0,0.0,0.2,1.2,0.0,0.0,0.2,12.2,10.120000000000001,3.38,7.0,2.04,0.0108,0.037206,0.04800600000000001,1.7582999999999998,0
0,Rúben Nascimento Vinagre,531,Everton,DEF,0.0,0.0,0.0,0.0,0.0,0.0,0.0,0.0,0.0,0.0,0.0,0.0,0.0,0.0,0.0,0.0,0.0,0.0,0
0,Reece Welch,605,Everton,DEF,0.0,0.0,0.0,0.0,0.0,0.0,0.0,0.0,0.0,0.0,0.0,0.0,0.0,0.0,0.0,0.0,0.0,0.0,0
0,Kyle John,637,Everton,DEF,0.0,0.0,0.0,0.0,0.0,0.0,0.0,0.0,0.0,0.0,0.0,0.0,0.0,0.0,0.0,0.0,0.0,0.0,0
0,Shane Duffy,105,Fulham,DEF,0.0,0.0,0.0,0.0,0.0,0.0,0.0,0.0,0.0,0.0,0.0,0.0,0.0,0.0,0.0,0.0,0.0,0.0,0
0,Tim Ream,201,Fulham,DEF,5.4,90.0,0.2,0.0,0.4,1.0,0.0,0.0,1.0,22.0,26.159999999999997,0.7,11.2,3.8200000000000003,0.040959999999999996,0.00465,0.045610000000000005,1.5097800000000001,0
0,Joe Bryan,206,Fulham,DEF,0.0,0.0,0.0,0.0,0.0,0.0,0.0,0.0,0.0,0.0,0.0,0.0,0.0,0.0,0.0,0.0,0.0,0.0,0
0,Terence Kongolo,208,Fulham,DEF,0.0,0.0,0.0,0.0,0.0,0.0,0.0,0.0,0.0,0.0,0.0,0.0,0.0,0.0,0.0,0.0,0.0,0.0,0
0,Tosin Adarabioyo,209,Fulham,DEF,1.4,18.2,0.0,0.0,0.2,0.0,0.0,0.0,0.2,6.0,4.4399999999999995,0.12,1.4,0.6,0.00426,0.00091,0.00517,0.3371,0
0,Kenny Tete,215,Fulham,DEF,3.2,72.0,0.0,0.2,0.4,0.6,0.0,0.0,0.0,15.4,18.759999999999998,16.02,6.4,4.140000000000001,0.04158,0.12592799999999998,0.16750800000000002,0.99162,0
0,Antonee Robinson,217,Fulham,DEF,3.2,90.0,0.0,0.0,0.4,1.0,0.0,0.0,0.2,15.4,10.080000000000002,10.28,2.0,2.2399999999999998,0.0,0.049444,0.049444,1.5097800000000001,0
0,Issa Diop,470,Fulham,DEF,2.2,73.6,0.0,0.0,0.2,1.0,0.0,0.0,0.0,16.0,16.96,2.46,8.2,2.76,0.007339999999999999,0.0056619999999999995,0.013002,1.20348,0
0,Kevin Mbabu,532,Fulham,DEF,0.2,2.0,0.0,0.0,0.0,0.2,0.0,0.0,0.0,0.6,0.12,0.06,0.0,0.02,0.0,0.0021780000000000002,0.0021780000000000002,0.19194,0
0,Layvin Kurzawa,613,Fulham,DEF,0.0,0.0,0.0,0.0,0.0,0.0,0.0,0.0,0.0,0.0,0.0,0.0,0.0,0.0,0.0,0.0,0.0,0.0,0
0,Stefan Parkes,636,Fulham,DEF,0.0,0.0,0.0,0.0,0.0,0.0,0.0,0.0,0.0,0.0,0.0,0.0,0.0,0.0,0.0,0.0,0.0,0.0,0
0,Jonny Evans,249,Leicester,DEF,0.0,0.0,0.0,0.0,0.0,0.0,0.0,0.0,0.0,0.0,0.0,0.0,0.0,0.0,0.0,0.0,0.0,0.0,0
0,Ryan Bertrand,250,Leicester,DEF,0.0,0.0,0.0,0.0,0.0,0.0,0.0,0.0,0.0,0.0,0.0,0.0,0.0,0.0,0.0,0.0,0.0,0.0,0
0,Jannik Vestergaard,253,Leicester,DEF,0.0,0.0,0.0,0.0,0.0,0.0,0.0,0.0,0.0,0.0,0.0,0.0,0.0,0.0,0.0,0.0,0.0,0.0,0
0,Ricardo Barbosa Pereira,256,Leicester,DEF,0.0,0.0,0.0,0.0,0.0,0.0,0.0,0.0,0.0,0.0,0.0,0.0,0.0,0.0,0.0,0.0,0.0,0.0,0
0,Daniel Amartey,257,Leicester,DEF,3.4,90.0,0.0,0.0,0.4,1.2,0.0,0.0,0.2,20.2,21.48,3.22,4.8,2.96,0.00786,0.024355999999999996,0.03221600000000001,1.5388600000000001,2
0,Timothy Castagne,258,Leicester,DEF,3.2,90.0,0.0,0.0,0.4,1.2,0.0,0.0,0.0,17.8,19.32,15.559999999999999,11.6,4.66,0.12164,0.040652,0.162292,1.5388600000000001,1
0,Çaglar Söyüncü,267,Leicester,DEF,0.4,14.2,0.0,0.0,0.0,0.2,0.0,0.0,0.0,2.2,3.0,0.06,0.0,0.3,0.0,0.00058,0.00058,0.20085999999999998,0
0,James Justin,268,Leicester,DEF,1.8,36.0,0.0,0.0,0.2,0.2,0.0,0.0,0.2,9.4,6.68,3.6799999999999997,1.0,1.14,0.00912,0.005388,0.014508000000000002,0.45348000000000005,0
0,Luke Thomas,270,Leicester,DEF,1.6,54.0,0.0,0.0,0.2,1.0,0.0,0.0,0.0,12.8,8.76,6.9799999999999995,0.4,1.6,0.0,0.014276000000000002,0.014276000000000002,1.08538,2
0,Lewis Brunt,273,Leicester,DEF,0.0,0.0,0.0,0.0,0.0,0.0,0.0,0.0,0.0,0.0,0.0,0.0,0.0,0.0,0.0,0.0,0.0,0.0,0
0,Wout Faes,612,Leicester,DEF,2.4,90.0,0.0,0.0,0.4,1.2,0.4,0.0,0.0,15.4,16.92,2.7,5.8,2.5599999999999996,0.01798,0.021916,0.039896,1.5388600000000001,2
0,Joe Wormleighton,645,Leicester,DEF,0.0,0.0,0.0,0.0,0.0,0.0,0.0,0.0,0.0,0.0,0.0,0.0,0.0,0.0,0.0,0.0,0.0,0.0,0
0,Liam Cooper,221,Leeds,DEF,3.4,86.2,0.2,0.0,0.2,2.2,0.0,0.0,0.2,17.0,20.360000000000003,0.66,9.0,2.96,0.04078,0.004942,0.045722,2.0792,0
0,Luke Ayling,222,Leeds,DEF,1.6,22.0,0.0,0.0,0.2,0.4,0.0,0.0,0.0,5.6,2.96,0.16,0.4,0.33999999999999997,0.0,0.001036,0.001036,0.63552,1
0,Stuart Dallas,226,Leeds,DEF,0.0,0.0,0.0,0.0,0.0,0.0,0.0,0.0,0.0,0.0,0.0,0.0,0.0,0.0,0.0,0.0,0.0,0.0,0
0,Diego Llorente,228,Leeds,DEF,0.2,3.6,0.0,0.0,0.0,0.0,0.0,0.0,0.0,0.8,1.52,0.0,0.0,0.16,0.0,1.6000000000000003e-05,1.6000000000000003e-05,0.16406,0
0,Robin Koch,230,Leeds,DEF,2.0,90.0,0.0,0.0,0.2,2.2,0.0,0.0,0.0,13.0,18.36,1.48,5.2,2.5,0.024,0.019322,0.043322000000000006,2.2432600000000003,1
0,Pascal Struijk,235,Leeds,DEF,3.6,90.0,0.2,0.2,0.2,2.2,0.0,0.0,0.0,21.2,30.76,12.979999999999999,13.8,5.76,0.04822,0.046382,0.09460199999999999,2.2432600000000003,1
0,Junior Firpo Adames,239,Leeds,DEF,0.0,0.0,0.0,0.0,0.0,0.0,0.0,0.0,0.0,0.0,0.0,0.0,0.0,0.0,0.0,0.0,0.0,0.0,0
0,Leo Fuhr Hjelde,243,Leeds,DEF,0.0,0.0,0.0,0.0,0.0,0.0,0.0,0.0,0.0,0.0,0.0,0.0,0.0,0.0,0.0,0.0,0.0,0.0,0
0,Rasmus Kristensen,244,Leeds,DEF,1.4,70.4,0.0,0.2,0.0,2.2,0.0,0.0,0.0,11.8,18.16,10.1,9.2,3.7600000000000002,0.047939999999999997,0.05154200000000001,0.099482,1.69284,0
0,Cody Drameh,547,Leeds,DEF,0.0,0.0,0.0,0.0,0.0,0.0,0.0,0.0,0.0,0.0,0.0,0.0,0.0,0.0,0.0,0.0,0.0,0.0,0
0,Joel Matip,276,Liverpool,DEF,0.8,36.0,0.0,0.0,0.0,0.4,0.0,0.0,0.0,5.4,8.0,0.36,0.0,0.8400000000000001,0.0,0.003544,0.003544,0.45842,1
0,Virgil van Dijk,280,Liverpool,DEF,3.2,90.0,0.2,0.0,0.0,1.2,0.0,0.0,0.2,17.0,22.6,2.96,11.8,3.7399999999999998,0.0561,0.012674,0.068774,1.2646,0
0,Andrew Robertson,284,Liverpool,DEF,5.6,83.2,0.0,0.8,0.0,1.2,0.0,0.0,1.4,27.4,31.360000000000003,49.50000000000001,6.6,8.74,0.011600000000000001,0.40696199999999993,0.418562,1.2578,1
0,Trent Alexander-Arnold,285,Liverpool,DEF,3.2,83.4,0.0,0.2,0.0,1.0,0.0,0.0,0.6,19.6,20.72,30.96,4.8,5.659999999999999,0.03328,0.239498,0.272778,1.21304,5
0,Joseph Gomez,286,Liverpool,DEF,1.2,39.6,0.0,0.0,0.0,0.6,0.0,0.0,0.0,6.6,7.76,0.6,0.8,0.9200000000000002,0.00902,0.0061459999999999996,0.015165999999999999,0.6120599999999999,0
0,Ibrahima Konaté,290,Liverpool,DEF,0.4,18.0,0.0,0.0,0.0,0.2,0.0,0.0,0.0,3.4,4.92,0.08,0.0,0.5,0.0,0.000666,0.000666,0.2411,-1
0,Konstantinos Tsimikas,292,Liverpool,DEF,0.4,6.4,0.0,0.0,0.0,0.0,0.0,0.0,0.0,1.8,1.8800000000000001,8.74,1.6,1.22,0.01026,0.019167999999999998,0.029428,0.0068000000000000005,0
0,Calvin Ramsay,298,Liverpool,DEF,0.0,0.0,0.0,0.0,0.0,0.0,0.0,0.0,0.0,0.0,0.0,0.0,0.0,0.0,0.0,0.0,0.0,0.0,0
0,Rhys Williams,498,Liverpool,DEF,0.0,0.0,0.0,0.0,0.0,0.0,0.0,0.0,0.0,0.0,0.0,0.0,0.0,0.0,0.0,0.0,0.0,0.0,0
0,Ben Davies,499,Liverpool,DEF,0.0,0.0,0.0,0.0,0.0,0.0,0.0,0.0,0.0,0.0,0.0,0.0,0.0,0.0,0.0,0.0,0.0,0.0,0
0,Sepp van den Berg,500,Liverpool,DEF,0.0,0.0,0.0,0.0,0.0,0.0,0.0,0.0,0.0,0.0,0.0,0.0,0.0,0.0,0.0,0.0,0.0,0.0,0
0,Nathaniel Phillips,501,Liverpool,DEF,0.2,0.6,0.0,0.0,0.0,0.0,0.0,0.0,0.0,0.6,0.08,0.0,0.0,0.0,0.0,0.00022200000000000003,0.00022200000000000003,0.0,0
0,Luke Chambers,563,Liverpool,DEF,0.0,0.0,0.0,0.0,0.0,0.0,0.0,0.0,0.0,0.0,0.0,0.0,0.0,0.0,0.0,0.0,0.0,0.0,0
0,Kyle Walker,299,Man City,DEF,0.0,0.0,0.0,0.0,0.0,0.0,0.0,0.0,0.0,0.0,0.0,0.0,0.0,0.0,0.0,0.0,0.0,0.0,1
0,John Stones,302,Man City,DEF,2.8,90.0,0.0,0.0,0.2,1.0,0.0,0.0,0.2,16.0,11.08,11.879999999999999,12.0,3.5200000000000005,0.06954,0.04023600000000001,0.10977599999999998,0.7229,9
0,João Cancelo,306,Man City,DEF,1.2,44.4,0.0,0.0,0.2,0.6,0.0,0.0,0.0,5.4,4.36,10.920000000000002,18.0,3.2,0.061360000000000005,0.13178399999999998,0.193144,0.68202,1
0,Nathan Aké,308,Man City,DEF,1.2,54.0,0.0,0.0,0.0,0.6,0.0,0.0,0.0,8.4,10.48,9.059999999999999,2.4,2.18,0.0,0.025825999999999998,0.025825999999999998,0.32460000000000006,8
0,Aymeric Laporte,309,Man City,DEF,1.4,36.0,0.0,0.0,0.2,0.4,0.0,0.0,0.0,8.0,8.08,9.4,5.6,2.3,0.01816,0.040251999999999996,0.058412,0.3983,0
0,Rúben Gato Alves Dias,312,Man City,DEF,0.4,3.8,0.0,0.0,0.0,0.0,0.0,0.0,0.0,1.2,1.56,0.06,0.0,0.16,0.0,7e-05,7e-05,0.12372000000000001,0
0,Luke Mbete-Tabu,320,Man City,DEF,0.0,0.0,0.0,0.0,0.0,0.0,0.0,0.0,0.0,0.0,0.0,0.0,0.0,0.0,0.0,0.0,0.0,0.0,0
0,Josh Wilson-Esbrand,322,Man City,DEF,0.0,0.0,0.0,0.0,0.0,0.0,0.0,0.0,0.0,0.0,0.0,0.0,0.0,0.0,0.0,0.0,0.0,0.0,0
0,Rico Lewis,573,Man City,DEF,1.4,30.6,0.0,0.0,0.2,0.2,0.0,0.0,0.0,7.8,2.3600000000000003,6.68,2.0,1.1,0.0,0.057616,0.057616,0.05482,1
0,Sergio Gómez,587,Man City,DEF,0.0,0.0,0.0,0.0,0.0,0.0,0.0,0.0,0.0,0.0,0.0,0.0,0.0,0.0,0.0,0.0,0.0,0.0,0
0,Manuel Akanji,610,Man City,DEF,3.4,86.2,0.0,0.2,0.2,1.0,0.0,0.0,0.2,16.8,14.959999999999999,10.260000000000002,11.2,3.6399999999999997,0.08604,0.027915999999999996,0.11395599999999997,0.6005,1
0,Phil Jones,328,Man Utd,DEF,0.0,0.0,0.0,0.0,0.0,0.0,0.0,0.0,0.0,0.0,0.0,0.0,0.0,0.0,0.0,0.0,0.0,0.0,0
0,Raphaël Varane,329,Man Utd,DEF,2.4,33.2,0.0,0.0,0.4,0.0,0.0,0.0,0.0,11.2,10.2,0.6,0.4,1.1199999999999999,0.0,0.022492,0.022492,0.2526,0
0,Harry Maguire,330,Man Utd,DEF,1.6,20.8,0.0,0.0,0.2,0.0,0.0,0.0,0.0,6.8,8.92,0.16,0.8,1.0,0.0,0.000718,0.000718,0.26928,7
0,Luke Shaw,332,Man Utd,DEF,5.6,84.8,0.0,0.2,0.6,0.8,0.0,0.0,1.0,24.8,14.76,15.719999999999999,1.4,3.1799999999999997,0.00424,0.138278,0.142518,0.90068,15
0,Alex Telles,334,Man Utd,DEF,0.0,0.0,0.0,0.0,0.0,0.0,0.0,0.0,0.0,0.0,0.0,0.0,0.0,0.0,0.0,0.0,0.0,0.0,0
0,Victor Lindelöf,337,Man Utd,DEF,0.6,36.0,0.0,0.0,0.0,0.8,0.0,0.0,0.0,6.4,7.359999999999999,0.26,0.0,0.78,0.0,0.0011539999999999999,0.0011539999999999999,0.4062200000000001,6
0,Eric Bailly,339,Man Utd,DEF,0.0,0.0,0.0,0.0,0.0,0.0,0.0,0.0,0.0,0.0,0.0,0.0,0.0,0.0,0.0,0.0,0.0,0.0,0
0,Aaron Wan-Bissaka,341,Man Utd,DEF,3.0,36.0,0.0,0.0,0.4,0.0,0.0,0.0,0.6,10.8,6.720000000000001,8.059999999999999,2.8,1.7600000000000002,0.0,0.033264,0.033264,0.27844,6
0,Diogo Dalot Teixeira,342,Man Utd,DEF,1.8,36.0,0.0,0.0,0.2,0.6,0.0,0.0,0.6,10.0,8.76,11.4,2.8,2.3,0.00606,0.027696,0.033755999999999994,0.34824,1
0,Brandon Williams,343,Man Utd,DEF,0.0,0.0,0.0,0.0,0.0,0.0,0.0,0.0,0.0,0.0,0.0,0.0,0.0,0.0,0.0,0.0,0.0,0.0,0
0,Tyrell Malacia,504,Man Utd,DEF,3.4,59.0,0.0,0.0,0.4,0.2,0.0,0.0,0.6,12.4,10.16,5.36,6.2,2.1799999999999997,0.02518,0.048834,0.074014,0.55244,0
0,Lisandro Martínez,533,Man Utd,DEF,2.0,54.0,0.0,0.0,0.2,0.8,0.0,0.0,0.2,12.0,17.04,7.5,0.0,2.46,0.0,0.08503000000000001,0.08503000000000001,0.62224,1
0,Rhys Bennett,674,Man Utd,DEF,0.0,0.0,0.0,0.0,0.0,0.0,0.0,0.0,0.0,0.0,0.0,0.0,0.0,0.0,0.0,0.0,0.0,0.0,0
0,Matt Ritchie,350,Newcastle,DEF,0.2,0.4,0.0,0.0,0.0,0.0,0.0,0.0,0.0,0.6,0.0,0.02,0.0,0.0,0.0,3.4e-05,3.4e-05,0.0,0
0,Federico Fernández,351,Newcastle,DEF,0.0,0.0,0.0,0.0,0.0,0.0,0.0,0.0,0.0,0.0,0.0,0.0,0.0,0.0,0.0,0.0,0.0,0.0,0
0,Ciaran Clark,352,Newcastle,DEF,0.0,0.0,0.0,0.0,0.0,0.0,0.0,0.0,0.0,0.0,0.0,0.0,0.0,0.0,0.0,0.0,0.0,0.0,0
0,Kieran Trippier,357,Newcastle,DEF,10.0,87.8,0.0,0.6,1.0,0.0,0.0,0.0,2.6,39.2,30.440000000000005,53.02,3.2,8.680000000000001,0.013420000000000001,0.42784200000000006,0.44126200000000004,0.57236,8
0,Dan Burn,358,Newcastle,DEF,5.2,90.0,0.0,0.0,0.8,0.2,0.0,0.0,0.0,20.2,15.280000000000001,3.2600000000000002,7.4,2.62,0.11752,0.012196000000000002,0.129716,0.67958,6
0,Jamaal Lascelles,360,Newcastle,DEF,0.0,1.4,0.0,0.0,0.0,0.0,0.0,0.0,0.0,-0.4,0.0,0.02,0.8,0.02,0.01396,8.999999999999999e-05,0.014050000000000002,0.0,-1
0,Paul Dummett,362,Newcastle,DEF,0.0,0.0,0.0,0.0,0.0,0.0,0.0,0.0,0.0,0.0,0.0,0.0,0.0,0.0,0.0,0.0,0.0,0.0,0
0,Javier Manquillo Gaitán,363,Newcastle,DEF,0.2,2.0,0.0,0.0,0.0,0.2,0.0,0.0,0.0,0.6,0.48,0.02,0.0,0.06,0.0,9.2e-05,9.2e-05,0.10722000000000001,0
0,Emil Krafth,364,Newcastle,DEF,0.0,0.0,0.0,0.0,0.0,0.0,0.0,0.0,0.0,0.0,0.0,0.0,0.0,0.0,0.0,0.0,0.0,0.0,0
0,Fabian Schär,366,Newcastle,DEF,5.4,88.4,0.0,0.0,0.8,0.2,0.0,0.0,0.2,19.8,14.799999999999997,5.279999999999999,10.4,3.08,0.10032,0.04571,0.14603000000000002,0.67958,6
0,Matt Targett,367,Newcastle,DEF,0.4,4.4,0.0,0.0,0.0,0.0,0.0,0.0,0.0,1.2,0.24000000000000005,0.1,0.0,0.04,0.0,0.000792,0.000792,0.0,0
0,Jamal Lewis,372,Newcastle,DEF,0.0,0.0,0.0,0.0,0.0,0.0,0.0,0.0,0.0,0.0,0.0,0.0,0.0,0.0,0.0,0.0,0.0,0.0,0
0,Sven Botman,377,Newcastle,DEF,5.4,85.2,0.0,0.0,0.8,0.2,0.0,0.0,0.2,23.2,15.319999999999999,0.54,4.6,2.06,0.07375999999999999,0.004999999999999999,0.07876000000000001,0.67958,6
0,Neco Williams,295,Nott'm Forest,DEF,1.0,27.6,0.0,0.0,0.0,0.8,0.0,0.0,0.0,7.4,8.68,6.780000000000001,2.8,1.8399999999999999,0.014360000000000001,0.049707999999999995,0.064068,0.5513,1
0,Steve Cook,379,Nott'm Forest,DEF,0.2,35.8,0.0,0.0,0.0,1.4,0.0,0.0,0.0,3.6,6.04,0.38,2.4,0.8800000000000001,0.022600000000000002,0.0033239999999999997,0.025924000000000003,0.7517199999999999,0
0,Scott McKenna,385,Nott'm Forest,DEF,0.2,36.0,0.0,0.0,0.0,1.4,0.0,0.0,0.0,6.2,8.0,2.1399999999999997,0.8,1.1,0.0,0.001356,0.001356,0.7517199999999999,0
0,Mohamed Dräger,386,Nott'm Forest,DEF,0.0,0.0,0.0,0.0,0.0,0.0,0.0,0.0,0.0,0.0,0.0,0.0,0.0,0.0,0.0,0.0,0.0,0.0,0
0,Joe Worrall,388,Nott'm Forest,DEF,2.2,59.2,0.0,0.0,0.2,1.0,0.0,0.0,0.2,9.8,12.120000000000001,0.38,2.2,1.46,0.007239999999999999,0.004326,0.011566000000000002,1.0193999999999999,6
0,Jonathan Panzo,389,Nott'm Forest,DEF,0.0,0.0,0.0,0.0,0.0,0.0,0.0,0.0,0.0,0.0,0.0,0.0,0.0,0.0,0.0,0.0,0.0,0.0,0
0,Richie Laryea,392,Nott'm Forest,DEF,0.0,0.0,0.0,0.0,0.0,0.0,0.0,0.0,0.0,0.0,0.0,0.0,0.0,0.0,0.0,0.0,0.0,0.0,0
0,Loïc Mbe Soh,393,Nott'm Forest,DEF,0.0,0.0,0.0,0.0,0.0,0.0,0.0,0.0,0.0,0.0,0.0,0.0,0.0,0.0,0.0,0.0,0.0,0.0,0
0,Giulian Biancone,399,Nott'm Forest,DEF,0.0,0.0,0.0,0.0,0.0,0.0,0.0,0.0,0.0,0.0,0.0,0.0,0.0,0.0,0.0,0.0,0.0,0.0,0
0,Willy Boly,474,Nott'm Forest,DEF,3.4,54.0,0.0,0.2,0.2,0.8,0.0,0.0,1.0,12.4,15.16,2.2800000000000002,3.6,2.12,0.0033,0.052898,0.056198000000000005,0.9285,7
0,Moussa Niakhaté,507,Nott'm Forest,DEF,0.0,0.0,0.0,0.0,0.0,0.0,0.0,0.0,0.0,0.0,0.0,0.0,0.0,0.0,0.0,0.0,0.0,0.0,0
0,Omar Richards,511,Nott'm Forest,DEF,0.0,0.0,0.0,0.0,0.0,0.0,0.0,0.0,0.0,0.0,0.0,0.0,0.0,0.0,0.0,0.0,0.0,0.0,0
0,Harry Toffolo,523,Nott'm Forest,DEF,0.2,5.6,0.0,0.0,0.0,0.2,0.0,0.0,0.0,0.8,1.6800000000000002,2.88,2.4,0.7,0.00218,0.086614,0.088794,0.21986,1
0,Renan Augusto Lodi dos Santos,602,Nott'm Forest,DEF,1.6,59.8,0.0,0.0,0.2,1.4,0.0,0.0,0.0,9.8,7.239999999999999,6.2,0.2,1.3800000000000001,0.00996,0.037334,0.047294,1.0272000000000001,7
0,Loïc Badé,621,Nott'm Forest,DEF,0.0,0.0,0.0,0.0,0.0,0.0,0.0,0.0,0.0,0.0,0.0,0.0,0.0,0.0,0.0,0.0,0.0,0.0,0
0,Serge Aurier,628,Nott'm Forest,DEF,3.8,86.6,0.2,0.0,0.2,2.0,0.0,0.0,0.6,16.2,24.92,8.16,7.4,4.0600000000000005,0.04778,0.019809999999999998,0.06759,1.56208,8
0,Kyle Walker-Peters,409,Southampton,DEF,0.4,36.0,0.0,0.0,0.0,1.0,0.0,0.0,0.0,3.0,3.3600000000000003,3.62,0.4,0.74,0.0,0.011559999999999999,0.011559999999999999,0.43488000000000004,2
0,Lyanco Silveira Neves Vojnovic,413,Southampton,DEF,0.8,57.6,0.0,0.0,0.0,1.2,0.0,0.0,0.0,7.8,9.68,3.22,2.4,1.5400000000000003,0.01182,0.007804,0.019624,0.66966,2
0,Yan Valery,414,Southampton,DEF,0.0,0.0,0.0,0.0,0.0,0.0,0.0,0.0,0.0,0.0,0.0,0.0,0.0,0.0,0.0,0.0,0.0,0.0,0
0,Romain Perraud,417,Southampton,DEF,1.6,63.8,0.2,0.0,0.0,2.2,0.2,0.0,0.0,8.2,12.959999999999999,10.139999999999999,20.2,4.3,0.11002,0.053750000000000006,0.16377000000000003,1.02082,1
0,Tino Livramento,419,Southampton,DEF,0.0,0.0,0.0,0.0,0.0,0.0,0.0,0.0,0.0,0.0,0.0,0.0,0.0,0.0,0.0,0.0,0.0,0.0,0
0,Mohammed Salisu,420,Southampton,DEF,1.2,89.8,0.0,0.2,0.0,2.6,0.0,0.0,0.0,15.6,22.640000000000004,11.499999999999998,10.8,4.5,0.11368,0.040368,0.15404800000000002,1.01688,2
0,Armel Bella-Kotchap,423,Southampton,DEF,0.6,46.6,0.0,0.0,0.0,1.6,0.0,0.0,0.0,8.0,11.000000000000002,4.16,1.6,1.6800000000000002,0.0,0.001308,0.001308,0.8061400000000001,1
0,Juan Larios López,622,Southampton,DEF,0.2,6.6,0.0,0.0,0.0,0.0,0.0,0.0,0.0,2.6,2.04,0.24,0.4,0.26,0.0,0.002358,0.002358,0.03948,0
0,Duje Caleta-Car,623,Southampton,DEF,0.4,33.2,0.0,0.0,0.0,1.0,0.0,0.0,0.0,3.6,4.68,0.26,0.8,0.56,0.0,0.004824,0.004824,0.5099400000000001,1
0,Matt Doherty,429,Spurs,DEF,0.8,44.8,0.0,0.0,0.0,1.0,0.0,0.0,0.0,6.4,6.959999999999999,8.44,9.4,2.46,0.051739999999999994,0.03679999999999999,0.08854,0.6899200000000001,14
0,Eric Dier,430,Spurs,DEF,0.8,60.6,0.0,0.0,0.0,1.4,0.0,0.0,0.0,12.6,14.2,10.2,7.4,3.1799999999999997,0.04096,0.049654,0.090614,0.89306,6
0,Ben Davies,432,Spurs,DEF,3.2,72.2,0.4,0.0,0.0,1.8,0.0,0.0,0.0,14.2,21.759999999999998,7.220000000000001,9.6,3.8599999999999994,0.07364000000000001,0.058748,0.13238800000000003,0.76428,1
0,Davinson Sánchez,435,Spurs,DEF,0.4,22.4,0.0,0.0,0.0,0.6,0.0,0.0,0.0,3.4,5.12,1.12,1.4,0.78,0.00364,0.007521999999999999,0.011162,0.21391999999999997,0
0,Ryan Sessegnon,436,Spurs,DEF,1.6,35.4,0.2,0.0,0.0,1.0,0.0,0.0,0.0,6.2,9.12,5.9399999999999995,10.0,2.5,0.03702,0.053598,0.090618,0.45492,1
0,Sergio Reguilón,438,Spurs,DEF,0.0,0.0,0.0,0.0,0.0,0.0,0.0,0.0,0.0,0.0,0.0,0.0,0.0,0.0,0.0,0.0,0.0,0.0,0
0,Japhet Tanganga,439,Spurs,DEF,0.2,13.2,0.0,0.0,0.0,0.4,0.0,0.0,0.0,1.8,2.04,0.22000000000000003,0.0,0.22000000000000003,0.0,0.000654,0.000654,0.39064,0
0,Joe Rodon,442,Spurs,DEF,0.0,0.0,0.0,0.0,0.0,0.0,0.0,0.0,0.0,0.0,0.0,0.0,0.0,0.0,0.0,0.0,0.0,0.0,0
0,Cristian Romero,443,Spurs,DEF,0.0,18.0,0.0,0.0,0.0,0.4,0.0,0.0,0.0,1.8,1.52,0.86,0.0,0.24,0.0,0.004646,0.004646,0.20044,6
0,Emerson Leite de Souza Junior,445,Spurs,DEF,0.6,39.0,0.0,0.0,0.0,1.2,0.0,0.0,0.0,5.8,6.08,4.539999999999999,7.0,1.7399999999999998,0.12944,0.022456,0.151896,0.49894,1
0,Ivan Perišić,448,Spurs,DEF,1.6,76.8,0.0,0.2,0.0,1.8,0.0,0.0,0.0,12.0,15.440000000000001,30.139999999999997,14.2,6.0,0.1052,0.21270000000000003,0.3179,1.0566200000000001,10
0,Clément Lenglet,513,Spurs,DEF,1.6,83.2,0.0,0.2,0.0,2.0,0.0,0.0,0.4,15.2,22.92,9.44,10.8,4.32,0.088,0.06634799999999999,0.15434799999999999,1.12206,6
0,Djed Spence,522,Spurs,DEF,0.2,0.4,0.0,0.0,0.0,0.0,0.0,0.0,0.0,0.2,0.04,0.1,0.0,0.02,0.0,0.000238,0.000238,0.03688,0
0,Angelo Ogbonna,456,West Ham,DEF,0.2,18.0,0.0,0.0,0.0,0.4,0.0,0.0,0.0,3.0,2.32,2.18,2.0,0.6599999999999999,0.02726,0.011434,0.038694,0.32548,0
0,Aaron Cresswell,457,West Ham,DEF,1.2,90.0,0.0,0.0,0.0,2.0,0.0,0.0,0.0,14.0,14.439999999999998,22.439999999999998,0.6,3.7600000000000002,0.0060999999999999995,0.08683199999999999,0.09293199999999999,1.5529,1
0,Craig Dawson,459,West Ham,DEF,0.8,90.0,0.0,0.0,0.0,2.0,0.0,0.0,0.0,9.6,16.04,3.1,11.6,3.08,0.09788,0.024204000000000003,0.122084,1.5529,1
0,Kurt Zouma,461,West Ham,DEF,0.8,38.8,0.0,0.0,0.0,0.8,0.0,0.0,0.0,6.4,5.159999999999999,0.12,4.2,0.96,0.022600000000000002,0.000788,0.023388,0.5195000000000001,0
0,Arthur Masuaku,462,West Ham,DEF,0.0,0.0,0.0,0.0,0.0,0.0,0.0,0.0,0.0,0.0,0.0,0.0,0.0,0.0,0.0,0.0,0.0,0.0,0
0,Vladimir Coufal,463,West Ham,DEF,0.0,36.0,0.0,0.0,0.0,1.0,0.0,0.0,0.0,4.2,8.120000000000001,8.739999999999998,0.4,1.72,0.0,0.07732800000000001,0.07732800000000001,0.7462,2
0,Ben Johnson,471,West Ham,DEF,0.0,0.0,0.0,0.0,0.0,0.0,0.0,0.0,0.0,0.0,0.0,0.0,0.0,0.0,0.0,0.0,0.0,0.0,0
0,Nayef Aguerd,472,West Ham,DEF,0.4,15.0,0.0,0.0,0.0,0.2,0.0,0.0,0.0,2.6,2.96,2.1399999999999997,1.2,0.64,0.011,0.022136,0.033136,0.28722,0
0,Emerson Palmieri dos Santos,545,West Ham,DEF,0.2,12.6,0.0,0.0,0.0,0.4,0.0,0.0,0.0,2.0,1.56,3.3200000000000003,9.8,1.46,0.025840000000000002,0.015844,0.041684,0.1835,0
0,Harrison Ashby,555,West Ham,DEF,0.0,0.0,0.0,0.0,0.0,0.0,0.0,0.0,0.0,0.0,0.0,0.0,0.0,0.0,0.0,0.0,0.0,0.0,0
0,Thilo Kehrer,588,West Ham,DEF,0.8,72.0,0.0,0.0,0.0,1.6,0.0,0.0,0.0,6.4,9.719999999999999,1.18,4.8,1.58,0.01592,0.006235999999999999,0.022156,1.22742,1
0,Jonathan Castro Otto,477,Wolves,DEF,0.2,14.0,0.0,0.0,0.0,0.4,0.0,0.0,0.0,1.0,2.12,3.2,0.4,0.58,0.0,0.021882000000000002,0.021882000000000002,0.22809999999999997,0
0,Nélson Cabral Semedo,482,Wolves,DEF,2.2,72.0,0.0,0.2,0.2,1.2,0.0,0.0,0.2,9.8,9.72,6.4,0.8,1.6600000000000001,0.0,0.030147999999999998,0.030147999999999998,1.76814,2
0,Max Kilman,484,Wolves,DEF,1.4,90.0,0.0,0.0,0.0,1.6,0.0,0.0,0.0,10.6,15.760000000000002,0.45999999999999996,0.0,1.64,0.0,0.0038259999999999995,0.0038259999999999995,1.7623600000000004,1
0,Rayan Aït-Nouri,487,Wolves,DEF,1.6,13.0,0.2,0.0,0.0,0.4,0.0,0.0,0.0,3.8,9.760000000000002,3.02,6.8,1.98,0.05238,0.014288,0.06666799999999999,0.29198,1
0,Toti António Gomes,489,Wolves,DEF,0.2,21.6,0.0,0.0,0.0,0.6,0.0,0.0,0.0,2.6,4.08,0.28,0.4,0.4800000000000001,0.0,0.0009319999999999999,0.0009319999999999999,0.61958,1
0,Yerson Mosquera Valdelamar,494,Wolves,DEF,0.0,0.0,0.0,0.0,0.0,0.0,0.0,0.0,0.0,0.0,0.0,0.0,0.0,0.0,0.0,0.0,0.0,0.0,0
0,Nathan Collins,516,Wolves,DEF,1.4,90.0,0.0,0.0,0.0,1.6,0.0,0.0,0.0,12.4,22.839999999999996,0.8800000000000001,0.8,2.46,0.0066,0.003978,0.010578,1.7623600000000004,2
0,Hugo Bueno López,558,Wolves,DEF,2.0,80.0,0.0,0.0,0.2,1.4,0.0,0.0,0.0,11.0,13.559999999999999,15.459999999999999,9.0,3.84,0.019039999999999998,0.07072,0.08976,1.5483,2
0,Dexter Lembikisa,664,Wolves,DEF,0.25,5.5,0.0,0.0,0.0,0.25,0.0,0.0,0.0,0.75,0.35,0.2,0.0,0.05,0.0,0.0007725,0.0007725,0.1074,0
0,Granit Xhaka,3,Arsenal,MID,2.8,71.8,0.0,0.2,0.4,0.6,0.0,0.0,0.0,12.6,13.959999999999999,15.079999999999998,12.2,4.119999999999999,0.036239999999999994,0.077746,0.113986,0.57878,2
0,Mohamed Elneny,4,Arsenal,MID,0.8,4.2,0.0,0.0,0.0,0.2,0.0,0.0,0.0,2.4,0.08,0.32,0.0,0.06000000000000001,0.0,0.00071,0.00071,0.09242,0
0,Thomas Partey,6,Arsenal,MID,3.4,86.6,0.2,0.0,0.6,0.4,0.0,0.0,0.2,15.0,17.360000000000003,12.940000000000001,13.2,4.359999999999999,0.14323999999999998,0.076232,0.21947200000000003,0.6309400000000001,3
0,Martin Ødegaard,7,Arsenal,MID,10.6,88.4,0.8,0.6,0.6,0.6,0.0,0.0,2.2,34.6,45.24000000000001,43.0,40.4,12.88,0.44374,0.365186,0.8089259999999999,0.69526,2
0,Nicolas Pépé,9,Arsenal,MID,0.0,0.0,0.0,0.0,0.0,0.0,0.0,0.0,0.0,0.0,0.0,0.0,0.0,0.0,0.0,0.0,0.0,0.0,0
0,Emile Smith Rowe,12,Arsenal,MID,0.0,0.0,0.0,0.0,0.0,0.0,0.0,0.0,0.0,0.0,0.0,0.0,0.0,0.0,0.0,0.0,0.0,0.0,0
0,Bukayo Saka,13,Arsenal,MID,5.4,77.2,0.4,0.4,0.4,0.6,0.0,0.0,0.4,20.0,29.28,39.239999999999995,14.0,8.26,0.25732,0.16821199999999997,0.425532,0.6456799999999999,3
0,Albert Sambi Lokonga,18,Arsenal,MID,0.0,0.0,0.0,0.0,0.0,0.0,0.0,0.0,0.0,0.0,0.0,0.0,0.0,0.0,0.0,0.0,0.0,0.0,0
0,Gabriel Martinelli Silva,19,Arsenal,MID,7.0,83.8,0.6,0.4,0.6,0.6,0.0,0.0,0.2,20.2,25.72,10.08,40.4,7.62,0.24616,0.086052,0.332212,0.70508,3
0,Lucas Torreira di Pascua,22,Arsenal,MID,0.0,0.0,0.0,0.0,0.0,0.0,0.0,0.0,0.0,0.0,0.0,0.0,0.0,0.0,0.0,0.0,0.0,0.0,0
0,Reiss Nelson,23,Arsenal,MID,4.0,12.8,0.4,0.2,0.2,0.0,0.0,0.0,0.6,10.6,18.16,6.2,15.8,4.0200000000000005,0.12612,0.030756,0.156876,0.07765999999999999,0
0,Fábio Ferreira Vieira,25,Arsenal,MID,1.6,20.8,0.0,0.2,0.2,0.0,0.0,0.0,0.0,4.2,3.3200000000000003,2.78,7.2,1.3199999999999998,0.022060000000000003,0.117492,0.13955199999999998,0.15411999999999998,0
0,Marcus Oliveira Alencar,27,Arsenal,MID,0.0,0.0,0.0,0.0,0.0,0.0,0.0,0.0,0.0,0.0,0.0,0.0,0.0,0.0,0.0,0.0,0.0,0.0,0
0,Matthew Smith,607,Arsenal,MID,0.0,0.0,0.0,0.0,0.0,0.0,0.0,0.0,0.0,0.0,0.0,0.0,0.0,0.0,0.0,0.0,0.0,0.0,0
0,Ethan Nwaneri,630,Arsenal,MID,0.0,0.0,0.0,0.0,0.0,0.0,0.0,0.0,0.0,0.0,0.0,0.0,0.0,0.0,0.0,0.0,0.0,0.0,0
0,Amario Cozier-Duberry,668,Arsenal,MID,0.0,0.0,0.0,0.0,0.0,0.0,0.0,0.0,0.0,0.0,0.0,0.0,0.0,0.0,0.0,0.0,0.0,0.0,0
0,Philippe Coutinho Correia,29,Aston Villa,MID,0.6,9.2,0.0,0.0,0.0,0.2,0.0,0.0,0.0,2.4,2.2800000000000002,0.32,0.4,0.3,0.0,0.0018780000000000001,0.0018780000000000001,0.19949999999999998,0
0,Bertrand Traoré,34,Aston Villa,MID,0.0,0.0,0.0,0.0,0.0,0.0,0.0,0.0,0.0,0.0,0.0,0.0,0.0,0.0,0.0,0.0,0.0,0.0,0
0,Morgan Sanson,36,Aston Villa,MID,0.2,0.2,0.0,0.0,0.0,0.0,0.0,0.0,0.0,0.6,0.0,0.06,0.0,0.0,0.0,4.4e-05,4.4e-05,0.0,0
0,John McGinn,37,Aston Villa,MID,2.8,59.6,0.0,0.4,0.2,0.8,0.0,0.0,0.0,8.0,8.68,8.78,9.0,2.6399999999999997,0.0458,0.121874,0.167674,0.94708,0
0,Marvelous Nakamba,41,Aston Villa,MID,0.0,0.0,0.0,0.0,0.0,0.0,0.0,0.0,0.0,0.0,0.0,0.0,0.0,0.0,0.0,0.0,0.0,0.0,0
0,Emiliano Buendía Stati,42,Aston Villa,MID,3.6,75.4,0.2,0.0,0.2,1.6,0.0,0.0,0.4,10.8,13.4,12.0,20.0,4.539999999999999,0.17986,0.076074,0.255934,1.2898,2
0,Leon Bailey,45,Aston Villa,MID,2.8,59.0,0.2,0.0,0.2,1.4,0.0,0.0,0.2,5.2,10.120000000000001,6.58,13.4,2.98,0.15128,0.09348799999999999,0.24476799999999996,1.25092,2
0,Douglas Luiz Soares de Paulo,46,Aston Villa,MID,5.2,86.6,0.2,0.4,0.2,1.8,0.0,0.0,0.8,20.6,24.4,15.719999999999999,11.8,5.18,0.09192,0.050244,0.142164,1.4898799999999999,2
0,Jacob Ramsey,47,Aston Villa,MID,3.4,37.4,0.2,0.4,0.0,0.6,0.2,0.0,0.6,10.4,12.239999999999998,2.9000000000000004,5.8,2.08,0.05092,0.010724000000000001,0.061644,0.34998,0
0,Tim Iroegbunam,49,Aston Villa,MID,0.0,0.0,0.0,0.0,0.0,0.0,0.0,0.0,0.0,0.0,0.0,0.0,0.0,0.0,0.0,0.0,0.0,0.0,0
0,Anwar El Ghazi,51,Aston Villa,MID,0.0,0.0,0.0,0.0,0.0,0.0,0.0,0.0,0.0,0.0,0.0,0.0,0.0,0.0,0.0,0.0,0.0,0.0,0
0,Boubacar Kamara,53,Aston Villa,MID,1.4,55.2,0.0,0.0,0.2,0.8,0.0,0.0,0.0,7.6,9.919999999999998,4.0600000000000005,1.6,1.56,0.0043,0.012066,0.016366,0.75614,2
0,Jaden Philogene-Bidace,55,Aston Villa,MID,0.0,0.0,0.0,0.0,0.0,0.0,0.0,0.0,0.0,0.0,0.0,0.0,0.0,0.0,0.0,0.0,0.0,0.0,0
0,Leander Dendoncker,479,Aston Villa,MID,1.2,33.6,0.0,0.0,0.0,1.0,0.0,0.0,0.0,4.6,5.72,0.72,0.0,0.66,0.0,0.001584,0.001584,0.6964400000000001,1
0,Kadan Young,672,Aston Villa,MID,0.0,0.0,0.0,0.0,0.0,0.0,0.0,0.0,0.0,0.0,0.0,0.0,0.0,0.0,0.0,0.0,0.0,0.0,0
0,Junior Stanislas,58,Bournemouth,MID,0.2,0.4,0.0,0.0,0.0,0.0,0.0,0.0,0.0,0.6,0.0,0.0,0.0,0.0,0.0,0.0,0.0,0.00732,0
0,David Brooks,60,Bournemouth,MID,0.0,0.0,0.0,0.0,0.0,0.0,0.0,0.0,0.0,0.0,0.0,0.0,0.0,0.0,0.0,0.0,0.0,0.0,0
0,Jamal Lowe,61,Bournemouth,MID,0.2,2.0,0.0,0.0,0.0,0.0,0.0,0.0,0.0,0.6,0.04,0.06,0.0,0.02,0.0,0.0018059999999999999,0.0018059999999999999,0.1238,0
0,Emiliano Marcondes,63,Bournemouth,MID,0.0,0.0,0.0,0.0,0.0,0.0,0.0,0.0,0.0,0.0,0.0,0.0,0.0,0.0,0.0,0.0,0.0,0.0,0
0,Jefferson Lerma Solís,64,Bournemouth,MID,2.0,90.0,0.0,0.0,0.2,2.2,0.0,0.0,0.0,9.2,12.919999999999998,10.7,9.2,3.28,0.0371,0.076652,0.113752,1.66268,2
0,Lewis Cook,67,Bournemouth,MID,2.4,87.8,0.0,0.2,0.2,2.2,0.0,0.0,0.0,15.0,17.759999999999998,18.5,3.8,4.0200000000000005,0.01508,0.12698000000000004,0.14206000000000002,1.5388600000000001,2
0,Ben Pearson,68,Bournemouth,MID,0.2,0.4,0.0,0.0,0.0,0.0,0.0,0.0,0.0,0.6,0.0,0.0,0.0,0.0,0.0,2.0000000000000003e-06,2.0000000000000003e-06,0.00936,0
0,Ryan Christie,69,Bournemouth,MID,0.6,8.8,0.0,0.0,0.0,0.0,0.0,0.0,0.0,1.4,1.72,2.2,4.2,0.82,0.019139999999999997,0.001076,0.020216,0.19518,2
0,Philip Billing,70,Bournemouth,MID,3.0,67.6,0.2,0.0,0.2,1.8,0.0,0.0,0.0,8.6,14.76,3.4200000000000004,13.0,3.1,0.11564,0.020504,0.136144,1.15992,1
0,Siriki Dembélé,74,Bournemouth,MID,0.4,11.4,0.0,0.0,0.0,0.0,0.0,0.0,0.0,2.0,3.6400000000000006,10.14,2.2,1.6,0.0074800000000000005,0.041083999999999996,0.048563999999999996,0.14126,1
0,Jaidon Anthony,75,Bournemouth,MID,1.8,34.8,0.2,0.0,0.0,0.8,0.0,0.0,0.0,7.2,14.639999999999997,14.779999999999998,11.4,4.08,0.10276,0.049597999999999996,0.15235800000000002,0.64046,2
0,Joe Rothwell,505,Bournemouth,MID,0.4,4.4,0.0,0.0,0.0,0.0,0.0,0.0,0.0,1.0,0.76,0.2,0.0,0.1,0.0,0.002392,0.002392,0.13112,1
0,Marcus Tavernier,535,Bournemouth,MID,7.0,49.2,0.4,0.8,0.2,1.2,0.0,0.0,1.2,19.2,34.760000000000005,13.260000000000002,28.0,7.62,0.15874000000000002,0.07080600000000001,0.22954600000000003,0.8585600000000001,0
0,Christian Nørgaard,79,Brentford,MID,2.6,39.8,0.0,0.4,0.2,0.4,0.0,0.0,0.2,10.2,12.64,4.779999999999999,8.6,2.62,0.05566,0.055735999999999994,0.11139600000000001,0.5605,5
0,Josh Dasilva,83,Brentford,MID,3.4,47.8,0.2,0.2,0.2,0.4,0.0,0.0,0.0,12.8,13.280000000000001,6.14,8.0,2.76,0.09763999999999999,0.12855799999999998,0.22619799999999998,0.54964,1
0,Vitaly Janelt,86,Brentford,MID,2.6,63.4,0.2,0.0,0.0,1.0,0.0,0.0,0.2,10.6,14.839999999999998,4.0200000000000005,9.0,2.8,0.17704,0.026019999999999998,0.20305999999999996,0.7413000000000001,2
0,Saman Ghoddos,87,Brentford,MID,0.6,10.0,0.0,0.0,0.0,0.4,0.0,0.0,0.0,2.2,2.96,3.5,3.4,0.9799999999999999,0.010159999999999999,0.017746,0.027905999999999997,0.35307999999999995,1
0,Mathias Jensen,88,Brentford,MID,2.4,67.0,0.0,0.4,0.0,0.6,0.0,0.0,0.0,8.2,6.720000000000001,10.360000000000001,3.2,1.98,0.04368,0.08476,0.12844,0.7383599999999999,5
0,Yoane Wissa,89,Brentford,MID,3.4,44.0,0.2,0.2,0.0,0.6,0.0,0.0,0.4,9.2,10.84,6.580000000000001,13.2,3.099999999999999,0.13205999999999998,0.010997999999999999,0.14305800000000002,0.5816399999999999,8
0,Frank Onyeka,93,Brentford,MID,0.8,27.6,0.0,0.0,0.0,0.4,0.0,0.0,0.0,2.8,5.040000000000001,2.32,4.2,1.1600000000000001,0.03112,0.003794,0.034914,0.44006000000000006,0
0,Shandon Baptiste,94,Brentford,MID,0.0,0.0,0.0,0.0,0.0,0.0,0.0,0.0,0.0,0.0,0.0,0.0,0.0,0.0,0.0,0.0,0.0,0.0,0
0,Mads Bidstrup,99,Brentford,MID,0.0,0.0,0.0,0.0,0.0,0.0,0.0,0.0,0.0,0.0,0.0,0.0,0.0,0.0,0.0,0.0,0.0,0.0,0
0,Keane Lewis-Potter,515,Brentford,MID,0.4,14.8,0.0,0.0,0.0,0.2,0.0,0.0,0.0,1.6,0.72,3.18,2.0,0.5800000000000001,0.01112,0.010224,0.021344000000000002,0.18492,1
0,Mikkel Damsgaard,580,Brentford,MID,0.2,16.6,0.0,0.0,0.0,0.4,0.0,0.0,0.0,1.4,2.4799999999999995,0.48,1.2,0.4,0.0,0.007986,0.007986,0.25238,0
0,Ryan Trevitt,632,Brentford,MID,0.0,0.0,0.0,0.0,0.0,0.0,0.0,0.0,0.0,0.0,0.0,0.0,0.0,0.0,0.0,0.0,0.0,0.0,0
0,Yegor Yarmolyuk,650,Brentford,MID,0.0,0.0,0.0,0.0,0.0,0.0,0.0,0.0,0.0,0.0,0.0,0.0,0.0,0.0,0.0,0.0,0.0,0.0,0
0,Adam Lallana,101,Brighton,MID,5.4,51.6,0.4,0.2,0.2,1.2,0.0,0.0,0.8,15.2,18.040000000000003,8.48,10.0,3.660000000000001,0.0721,0.09366599999999999,0.16576599999999997,1.1083,1
0,Pascal Groß,104,Brighton,MID,5.0,90.0,0.4,0.2,0.0,2.0,0.0,0.0,0.6,21.0,26.0,16.28,12.6,5.4799999999999995,0.0981,0.12959800000000002,0.227698,1.77338,8
0,Solly March,107,Brighton,MID,4.0,85.4,0.2,0.2,0.0,2.0,0.0,0.0,0.6,14.2,20.72,23.4,20.4,6.44,0.08844,0.240482,0.328922,1.77338,11
0,Leandro Trossard,111,Brighton,MID,3.4,79.6,0.2,0.2,0.0,1.8,0.0,0.0,0.0,9.6,15.680000000000001,16.1,40.4,7.2,0.32928,0.125914,0.455194,1.67372,0
0,Steven Alzate,115,Brighton,MID,0.0,0.0,0.0,0.0,0.0,0.0,0.0,0.0,0.0,0.0,0.0,0.0,0.0,0.0,0.0,0.0,0.0,0.0,0
0,Alexis Mac Allister,116,Brighton,MID,2.6,54.0,0.2,0.0,0.0,1.0,0.0,0.0,0.4,14.4,15.0,19.419999999999998,6.8,4.12,0.11308,0.07170000000000001,0.18478,0.8147,1
0,Jakub Moder,117,Brighton,MID,0.0,0.0,0.0,0.0,0.0,0.0,0.0,0.0,0.0,0.0,0.0,0.0,0.0,0.0,0.0,0.0,0.0,0.0,0
0,Enock Mwepu,118,Brighton,MID,0.0,0.0,0.0,0.0,0.0,0.0,0.0,0.0,0.0,0.0,0.0,0.0,0.0,0.0,0.0,0.0,0.0,0.0,0
0,Jeremy Sarmiento Morante,119,Brighton,MID,0.4,11.0,0.0,0.0,0.0,0.4,0.0,0.0,0.0,1.0,1.4,1.1800000000000002,3.4,0.5,0.030720000000000004,0.017838,0.048558000000000004,0.27182,6
0,Moisés Caicedo Corozo,120,Brighton,MID,1.2,72.0,0.0,0.0,0.0,1.2,0.0,0.0,0.0,8.8,11.64,11.56,6.8,3.0,0.061160000000000006,0.052334000000000006,0.11349400000000001,1.1975,5
0,Taylor Richards,121,Brighton,MID,0.0,0.0,0.0,0.0,0.0,0.0,0.0,0.0,0.0,0.0,0.0,0.0,0.0,0.0,0.0,0.0,0.0,0.0,0
0,Kaoru Mitoma,124,Brighton,MID,4.4,68.2,0.4,0.2,0.0,1.6,0.0,0.0,0.2,17.0,23.24,12.76,25.2,6.119999999999999,0.17762,0.11924399999999999,0.29686399999999996,1.4183,8
0,Kacper Kozłowski,126,Brighton,MID,0.0,0.0,0.0,0.0,0.0,0.0,0.0,0.0,0.0,0.0,0.0,0.0,0.0,0.0,0.0,0.0,0.0,0.0,0
0,Billy Gilmour,149,Brighton,MID,0.6,19.8,0.0,0.0,0.0,0.8,0.0,0.0,0.0,2.4,1.64,1.32,0.4,0.36,0.0,0.06664,0.06664,0.6006,0
0,Andrew Moran,651,Brighton,MID,0.0,0.0,0.0,0.0,0.0,0.0,0.0,0.0,0.0,0.0,0.0,0.0,0.0,0.0,0.0,0.0,0.0,0.0,1
0,Jack Hinshelwood,677,Brighton,MID,0.0,0.0,0.0,0.0,0.0,0.0,0.0,0.0,0.0,0.0,0.0,0.0,0.0,0.0,0.0,0.0,0.0,0.0,0
0,Facundo Buonanotte,679,Brighton,MID,0.0,0.0,0.0,0.0,0.0,0.0,0.0,0.0,0.0,0.0,0.0,0.0,0.0,0.0,0.0,0.0,0.0,0.0,0
0,Carney Chukwuemeka,48,Chelsea,MID,0.6,14.2,0.0,0.0,0.0,0.2,0.0,0.0,0.0,1.8,3.88,3.4200000000000004,5.2,1.24,0.03116,0.013238,0.044398,0.41634000000000004,0
0,Jorge Luiz Frello Filho,130,Chelsea,MID,1.6,68.2,0.0,0.0,0.2,0.6,0.0,0.0,0.0,10.4,6.92,6.42,2.0,1.54,0.0,0.019716,0.019716,1.0024,0
0,Ross Barkley,131,Chelsea,MID,0.0,0.0,0.0,0.0,0.0,0.0,0.0,0.0,0.0,0.0,0.0,0.0,0.0,0.0,0.0,0.0,0.0,0.0,0
0,Mateo Kovacic,132,Chelsea,MID,1.0,44.2,0.0,0.0,0.0,0.6,0.0,0.0,0.0,7.0,5.32,1.44,1.8,0.86,0.01598,0.019796,0.035775999999999995,0.7218600000000001,0
0,N'Golo Kanté,134,Chelsea,MID,0.0,0.0,0.0,0.0,0.0,0.0,0.0,0.0,0.0,0.0,0.0,0.0,0.0,0.0,0.0,0.0,0.0,0.0,0
0,Hakim Ziyech,135,Chelsea,MID,0.8,20.6,0.0,0.0,0.0,0.2,0.0,0.0,0.0,3.6,5.4799999999999995,7.860000000000001,3.4,1.6799999999999997,0.004399999999999999,0.059696000000000006,0.064096,0.29018,0
0,Ruben Loftus-Cheek,136,Chelsea,MID,0.6,16.6,0.0,0.0,0.0,0.2,0.0,0.0,0.0,1.8,1.3199999999999998,0.8799999999999999,0.0,0.22000000000000003,0.0,0.0036500000000000005,0.0036500000000000005,0.45072,0
0,Christian Pulisic,140,Chelsea,MID,1.6,49.0,0.0,0.0,0.2,0.4,0.0,0.0,0.0,4.2,2.6399999999999997,5.74,9.6,1.7,0.07315999999999999,0.009672000000000002,0.082832,0.46074000000000004,0
0,Mason Mount,142,Chelsea,MID,3.2,62.2,0.2,0.0,0.2,0.6,0.0,0.0,0.4,11.2,14.280000000000001,11.34,10.0,3.54,0.05716,0.043858,0.10101800000000001,1.0024,0
0,Callum Hudson-Odoi,144,Chelsea,MID,0.0,0.0,0.0,0.0,0.0,0.0,0.0,0.0,0.0,0.0,0.0,0.0,0.0,0.0,0.0,0.0,0.0,0.0,0
0,Conor Gallagher,148,Chelsea,MID,0.8,32.6,0.0,0.0,0.0,0.2,0.0,0.0,0.0,4.4,5.36,6.040000000000001,7.4,1.8800000000000003,0.042120000000000005,0.013535999999999998,0.055656,0.4178,0
0,Raheem Sterling,304,Chelsea,MID,3.4,50.4,0.2,0.2,0.2,0.4,0.0,0.0,0.4,8.6,13.8,13.1,12.0,3.88,0.07674,0.12551600000000002,0.20225600000000005,0.7658200000000001,0
0,Harvey Vale,606,Chelsea,MID,0.0,0.0,0.0,0.0,0.0,0.0,0.0,0.0,0.0,0.0,0.0,0.0,0.0,0.0,0.0,0.0,0.0,0.0,0
0,Denis Zakaria,616,Chelsea,MID,1.6,46.2,0.0,0.0,0.4,0.2,0.0,0.0,0.0,7.0,4.279999999999999,1.7399999999999998,4.8,1.08,0.03712,0.01025,0.04737,0.63172,0
0,Omari Hutchinson,653,Chelsea,MID,0.2,4.4,0.0,0.0,0.0,0.0,0.0,0.0,0.0,0.4,0.2,0.36,0.8,0.13999999999999999,0.0,0.003941999999999999,0.003941999999999999,0.12616,0
0,Lewis Hall,661,Chelsea,MID,0.6,18.8,0.0,0.0,0.0,0.2,0.0,0.0,0.0,2.6,4.4799999999999995,8.16,1.6,1.42,0.00788,0.033436,0.041316,0.33196,0
0,James McArthur,154,Crystal Palace,MID,0.0,0.0,0.0,0.0,0.0,0.0,0.0,0.0,0.0,0.0,0.0,0.0,0.0,0.0,0.0,0.0,0.0,0.0,0
0,Luka Milivojevic,158,Crystal Palace,MID,1.0,21.8,0.0,0.0,0.2,0.0,0.0,0.0,0.0,4.6,4.279999999999999,5.84,2.0,1.2,0.03216,0.028564,0.060724,0.31826,0
0,Jordan Ayew,159,Crystal Palace,MID,3.0,67.6,0.2,0.0,0.2,1.0,0.0,0.0,0.4,11.6,14.8,9.7,15.8,4.0200000000000005,0.10842,0.027474000000000005,0.13589400000000001,0.8911199999999999,2
0,Wilfried Zaha,160,Crystal Palace,MID,3.8,90.0,0.2,0.2,0.4,1.0,0.0,0.0,0.4,7.2,16.240000000000002,16.44,26.0,5.859999999999999,0.27402,0.100374,0.374394,1.17592,2
0,Jeffrey Schlupp,161,Crystal Palace,MID,2.2,88.6,0.0,0.0,0.4,1.0,0.0,0.0,0.0,7.6,8.2,8.48,5.6,2.22,0.05023999999999999,0.023258,0.073498,1.1206800000000001,1
0,Will Hughes,163,Crystal Palace,MID,0.8,7.0,0.0,0.0,0.0,0.0,0.0,0.0,0.0,1.8,1.8,0.74,0.0,0.24,0.0,0.003866,0.003866,0.0854,1
0,Jairo Riedewald,164,Crystal Palace,MID,0.4,2.2,0.0,0.0,0.0,0.0,0.0,0.0,0.0,1.4,0.4,0.0,0.0,0.04,0.0,0.0,0.0,0.0641,0
0,Eberechi Eze,169,Crystal Palace,MID,4.0,72.2,0.2,0.2,0.4,0.6,0.0,0.0,0.2,12.0,16.32,21.660000000000004,17.4,5.5200000000000005,0.13446,0.073576,0.20803599999999997,0.70598,2
0,Michael Olise,171,Crystal Palace,MID,5.8,87.0,0.2,0.4,0.4,1.0,0.0,0.0,1.2,19.2,23.48,25.3,21.8,7.06,0.08976,0.10372999999999999,0.19349,1.1118,2
0,Jesurun Rak-Sakyi,172,Crystal Palace,MID,0.0,0.0,0.0,0.0,0.0,0.0,0.0,0.0,0.0,0.0,0.0,0.0,0.0,0.0,0.0,0.0,0.0,0.0,0
0,Malcolm Ebiowei,173,Crystal Palace,MID,0.2,2.4,0.0,0.0,0.0,0.0,0.0,0.0,0.0,0.4,0.04,0.06,0.8,0.1,0.0,0.000292,0.000292,0.013800000000000002,0
0,Cheick Doucouré,514,Crystal Palace,MID,1.8,66.6,0.0,0.0,0.2,1.0,0.0,0.0,0.0,11.8,12.760000000000002,5.96,5.0,2.38,0.05138,0.01213,0.06351,0.8438400000000001,2
0,Kaden Rodney,601,Crystal Palace,MID,0.0,0.0,0.0,0.0,0.0,0.0,0.0,0.0,0.0,0.0,0.0,0.0,0.0,0.0,0.0,0.0,0.0,0.0,0
0,Killian Phillips,604,Crystal Palace,MID,0.0,0.0,0.0,0.0,0.0,0.0,0.0,0.0,0.0,0.0,0.0,0.0,0.0,0.0,0.0,0.0,0.0,0.0,0
0,Jack Wells-Morrison,654,Crystal Palace,MID,0.0,0.0,0.0,0.0,0.0,0.0,0.0,0.0,0.0,0.0,0.0,0.0,0.0,0.0,0.0,0.0,0.0,0.0,0
0,David Ozoh,676,Crystal Palace,MID,0.0,0.0,0.0,0.0,0.0,0.0,0.0,0.0,0.0,0.0,0.0,0.0,0.0,0.0,0.0,0.0,0.0,0.0,0
0,Andros Townsend,179,Everton,MID,0.0,0.0,0.0,0.0,0.0,0.0,0.0,0.0,0.0,0.0,0.0,0.0,0.0,0.0,0.0,0.0,0.0,0.0,0
0,Dele Alli,181,Everton,MID,0.0,0.0,0.0,0.0,0.0,0.0,0.0,0.0,0.0,0.0,0.0,0.0,0.0,0.0,0.0,0.0,0.0,0.0,0
0,Allan Marques Loureiro,183,Everton,MID,0.0,0.0,0.0,0.0,0.0,0.0,0.0,0.0,0.0,0.0,0.0,0.0,0.0,0.0,0.0,0.0,0.0,0.0,0
0,André Tavares Gomes,184,Everton,MID,0.0,0.0,0.0,0.0,0.0,0.0,0.0,0.0,0.0,0.0,0.0,0.0,0.0,0.0,0.0,0.0,0.0,0.0,0
0,Abdoulaye Doucouré,185,Everton,MID,0.8,10.4,0.0,0.0,0.0,0.4,0.0,0.0,0.0,2.4,0.8,0.96,0.8,0.26000000000000006,0.0,0.0076,0.0076,0.3502,0
0,Alex Iwobi,186,Everton,MID,2.2,90.0,0.0,0.0,0.2,1.6,0.0,0.0,0.0,11.6,14.080000000000002,22.580000000000002,12.2,4.9,0.13108,0.09947,0.23055000000000003,1.9010199999999997,4
0,Jean-Philippe Gbamin,187,Everton,MID,0.0,0.0,0.0,0.0,0.0,0.0,0.0,0.0,0.0,0.0,0.0,0.0,0.0,0.0,0.0,0.0,0.0,0.0,0
0,Demarai Gray,189,Everton,MID,3.4,75.8,0.2,0.0,0.2,1.4,0.0,0.0,0.4,14.6,16.32,22.360000000000003,18.6,5.74,0.07736000000000001,0.166652,0.24401200000000003,1.7521200000000001,7
0,Tom Davies,190,Everton,MID,0.2,2.4,0.0,0.0,0.0,0.0,0.0,0.0,0.0,0.6,0.04,0.06,0.4,0.06,0.0,0.000576,0.000576,0.21968000000000001,1
0,Anthony Gordon,195,Everton,MID,1.4,41.8,0.0,0.0,0.2,0.6,0.0,0.0,0.0,3.0,5.76,6.380000000000001,18.0,3.0200000000000005,0.16004000000000002,0.011580000000000002,0.17162,0.72514,0
0,Dwight McNeil,534,Everton,MID,1.8,42.6,0.0,0.2,0.0,1.0,0.0,0.0,0.0,6.6,7.2,10.74,4.4,2.2199999999999998,0.013320000000000002,0.05708799999999999,0.070408,0.90546,1
0,Stanley Mills,560,Everton,MID,0.0,0.0,0.0,0.0,0.0,0.0,0.0,0.0,0.0,0.0,0.0,0.0,0.0,0.0,0.0,0.0,0.0,0.0,0
0,Lewis Warrington,561,Everton,MID,0.0,0.0,0.0,0.0,0.0,0.0,0.0,0.0,0.0,0.0,0.0,0.0,0.0,0.0,0.0,0.0,0.0,0.0,0
0,James Garner,570,Everton,MID,0.4,14.0,0.0,0.0,0.0,0.2,0.0,0.0,0.0,2.2,2.4,0.5,1.2,0.42000000000000004,0.0,0.001746,0.001746,0.31839999999999996,0
0,Amadou Onana,577,Everton,MID,1.8,80.8,0.0,0.0,0.2,1.4,0.0,0.0,0.0,6.0,6.839999999999999,6.26,5.2,1.8,0.05006000000000001,0.047902,0.09796200000000001,1.6939,0
0,Idrissa Gueye,611,Everton,MID,2.8,71.8,0.0,0.2,0.2,1.2,0.0,0.0,0.2,14.0,18.6,10.36,0.0,2.9,0.0,0.074608,0.074608,1.3165399999999998,2
0,Isaac Price,678,Everton,MID,0.0,16.0,0.0,0.0,0.0,0.0,0.0,0.0,0.0,1.5,4.8,7.8,0.0,1.25,0.0,0.009105,0.009105,0.16445,0
0,Tom Cairney,200,Fulham,MID,1.6,35.6,0.0,0.2,0.0,0.4,0.0,0.0,0.0,8.2,6.4799999999999995,13.419999999999998,11.8,3.18,0.041260000000000005,0.119164,0.16042399999999998,0.79264,0
0,Anthony Knockaert,202,Fulham,MID,0.0,0.0,0.0,0.0,0.0,0.0,0.0,0.0,0.0,0.0,0.0,0.0,0.0,0.0,0.0,0.0,0.0,0.0,0
0,Nathaniel Chalobah,203,Fulham,MID,0.0,0.0,0.0,0.0,0.0,0.0,0.0,0.0,0.0,0.0,0.0,0.0,0.0,0.0,0.0,0.0,0.0,0.0,0
0,Neeskens Kebano,204,Fulham,MID,0.0,0.0,0.0,0.0,0.0,0.0,0.0,0.0,0.0,0.0,0.0,0.0,0.0,0.0,0.0,0.0,0.0,0.0,0
0,Bobby De Cordova-Reid,205,Fulham,MID,3.0,59.2,0.2,0.0,0.4,0.6,0.0,0.0,0.2,10.0,11.999999999999998,12.88,14.6,3.9599999999999995,0.10958000000000001,0.08754799999999999,0.197128,0.9751200000000001,0
0,Harrison Reed,211,Fulham,MID,1.8,66.2,0.0,0.0,0.4,0.6,0.0,0.0,0.0,6.8,5.2,9.76,1.8,1.6799999999999997,0.0046,0.038056,0.042656000000000006,0.9743,0
0,Harry Wilson,212,Fulham,MID,1.6,33.2,0.0,0.2,0.0,0.4,0.0,0.0,0.0,4.0,2.2,3.5199999999999996,5.8,1.1400000000000001,0.17906,0.022678,0.20173800000000003,0.74066,0
0,Ivan Neves Abreu Cavaleiro,214,Fulham,MID,0.0,0.0,0.0,0.0,0.0,0.0,0.0,0.0,0.0,0.0,0.0,0.0,0.0,0.0,0.0,0.0,0.0,0.0,0
0,Josh Onomah,216,Fulham,MID,0.2,0.2,0.0,0.0,0.0,0.2,0.0,0.0,0.0,0.6,0.0,0.0,0.0,0.0,0.0,0.0,0.0,0.03594,0
0,João Palhinha Gonçalves,220,Fulham,MID,3.8,86.8,0.2,0.0,0.4,1.0,0.0,0.0,0.6,12.8,22.48,1.98,17.2,4.2,0.11073999999999998,0.011188,0.121928,1.48258,0
0,Daniel James,231,Fulham,MID,1.8,16.2,0.2,0.0,0.0,0.4,0.0,0.0,0.0,5.8,8.16,2.48,13.0,2.36,0.15184,0.0032139999999999994,0.15505399999999997,0.33934,0
0,Andreas Hoelgebaum Pereira,346,Fulham,MID,3.4,81.8,0.2,0.2,0.2,0.8,0.0,0.0,0.0,9.8,14.040000000000001,25.9,14.6,5.3999999999999995,0.3477,0.070916,0.418616,1.2294200000000002,0
0,Tyrese Francois,521,Fulham,MID,0.0,0.0,0.0,0.0,0.0,0.0,0.0,0.0,0.0,0.0,0.0,0.0,0.0,0.0,0.0,0.0,0.0,0.0,0
0,Luke Harris,546,Fulham,MID,0.4,1.4,0.0,0.0,0.0,0.2,0.0,0.0,0.0,1.0,0.12000000000000002,0.26,0.0,0.04,0.0,0.0009099999999999999,0.0009099999999999999,0.20636000000000002,0
0,Manor Solomon,562,Fulham,MID,0.0,0.0,0.0,0.0,0.0,0.0,0.0,0.0,0.0,0.0,0.0,0.0,0.0,0.0,0.0,0.0,0.0,0.0,0
0,Willian Borges da Silva,614,Fulham,MID,3.6,84.2,0.0,0.4,0.4,0.8,0.0,0.0,0.0,12.2,7.959999999999999,18.020000000000003,14.2,4.0,0.09194,0.07791999999999999,0.16986,1.25986,0
0,Martial Godo,641,Fulham,MID,0.0,0.0,0.0,0.0,0.0,0.0,0.0,0.0,0.0,0.0,0.0,0.0,0.0,0.0,0.0,0.0,0.0,0.0,0
0,Kristian Sekularac,667,Fulham,MID,0.0,0.0,0.0,0.0,0.0,0.0,0.0,0.0,0.0,0.0,0.0,0.0,0.0,0.0,0.0,0.0,0.0,0.0,0
0,Marc Albrighton,251,Leicester,MID,0.2,2.4,0.0,0.0,0.0,0.0,0.0,0.0,0.0,0.8,1.8800000000000001,0.02,0.0,0.2,0.0,8.000000000000001e-06,8.000000000000001e-06,0.03802,2
0,Nampalys Mendy,252,Leicester,MID,0.6,13.4,0.0,0.0,0.0,0.2,0.0,0.0,0.0,1.8,1.36,0.22000000000000003,0.2,0.18,0.020399999999999998,0.00356,0.02396,0.09418,1
0,Youri Tielemans,259,Leicester,MID,3.0,71.0,0.2,0.0,0.2,0.8,0.0,0.0,0.6,13.6,21.64,11.440000000000001,9.2,4.24,0.18094000000000002,0.09611399999999999,0.277054,1.1545400000000001,2
0,Ayoze Pérez,260,Leicester,MID,1.6,33.0,0.0,0.2,0.0,0.6,0.0,0.0,0.0,7.2,9.2,16.259999999999998,3.2,2.8600000000000003,0.0155,0.063994,0.079494,0.4887,2
0,James Maddison,261,Leicester,MID,3.8,40.8,0.2,0.4,0.2,0.2,0.0,0.0,0.4,14.6,17.04,22.6,20.2,6.0,0.13656,0.12671,0.26327,0.45566000000000006,0
0,Hamza Choudhury,263,Leicester,MID,0.0,0.0,0.0,0.0,0.0,0.0,0.0,0.0,0.0,0.0,0.0,0.0,0.0,0.0,0.0,0.0,0.0,0.0,0
0,Harvey Barnes,264,Leicester,MID,4.4,86.0,0.4,0.0,0.4,1.2,0.0,0.0,0.0,10.4,18.32,6.56,28.6,5.38,0.30332,0.036449999999999996,0.33977,1.5372600000000003,2
0,Wilfred Ndidi,265,Leicester,MID,0.6,26.2,0.0,0.0,0.0,0.4,0.0,0.0,0.0,3.2,6.88,3.1399999999999997,5.0,1.52,0.01484,0.00639,0.02123,0.42395999999999995,1
0,Kiernan Dewsbury-Hall,266,Leicester,MID,3.6,74.0,0.2,0.0,0.4,1.0,0.0,0.0,0.4,12.2,16.04,24.22,13.4,5.38,0.18034,0.178564,0.358904,1.40666,0
0,Boubakary Soumaré,269,Leicester,MID,1.8,59.6,0.0,0.0,0.4,1.0,0.0,0.0,0.0,11.0,8.8,4.46,0.0,1.34,0.0,0.024114000000000003,0.024114000000000003,1.25182,1
0,Dennis Praet,549,Leicester,MID,0.8,16.2,0.0,0.0,0.2,0.4,0.0,0.0,0.0,2.4,0.5599999999999999,0.2,0.4,0.12,0.0,0.001014,0.001014,0.53644,0
0,Sammy Braybrooke,639,Leicester,MID,0.0,0.0,0.0,0.0,0.0,0.0,0.0,0.0,0.0,0.0,0.0,0.0,0.0,0.0,0.0,0.0,0.0,0.0,0
0,Kasey McAteer,687,Leicester,MID,0.0,0.0,0.0,0.0,0.0,0.0,0.0,0.0,0.0,0.0,0.0,0.0,0.0,0.0,0.0,0.0,0.0,0.0,0
0,Mateusz Klich,223,Leeds,MID,0.2,10.2,0.0,0.0,0.0,0.0,0.0,0.0,0.0,0.6,0.24,0.4,0.4,0.08,0.0,0.000678,0.000678,0.19666,1
0,Adam Forshaw,224,Leeds,MID,0.6,21.8,0.0,0.0,0.0,0.6,0.0,0.0,0.0,2.2,2.04,2.4200000000000004,0.0,0.44000000000000006,0.0,0.002032,0.002032,0.9409600000000001,0
0,Rodrigo Moreno,225,Leeds,MID,6.2,74.2,0.8,0.0,0.2,2.2,0.0,0.0,0.2,20.0,30.28,10.2,35.2,7.56,0.47206000000000004,0.031538,0.503598,1.8571599999999997,6
0,Tyler Roberts,229,Leeds,MID,0.0,0.0,0.0,0.0,0.0,0.0,0.0,0.0,0.0,0.0,0.0,0.0,0.0,0.0,0.0,0.0,0.0,0.0,0
0,Raphael Dias Belloli,232,Leeds,MID,0.0,0.0,0.0,0.0,0.0,0.0,0.0,0.0,0.0,0.0,0.0,0.0,0.0,0.0,0.0,0.0,0.0,0.0,0
0,Jack Harrison,233,Leeds,MID,1.2,35.8,0.0,0.0,0.2,0.6,0.0,0.0,0.0,2.8,3.12,13.219999999999999,5.6,2.2,0.051480000000000005,0.068514,0.119994,0.8584400000000001,4
0,Jamie Shackleton,234,Leeds,MID,0.0,0.0,0.0,0.0,0.0,0.0,0.0,0.0,0.0,0.0,0.0,0.0,0.0,0.0,0.0,0.0,0.0,0.0,0
0,Crysencio Summerville,240,Leeds,MID,5.6,58.0,0.6,0.2,0.0,1.6,0.0,0.0,0.8,19.4,26.679999999999996,10.719999999999999,20.0,5.76,0.21817999999999999,0.036913999999999995,0.25509400000000004,1.0111999999999999,4
0,Lewis Bate,241,Leeds,MID,0.0,0.0,0.0,0.0,0.0,0.0,0.0,0.0,0.0,0.0,0.0,0.0,0.0,0.0,0.0,0.0,0.0,0.0,0
0,Marc Roca Junqué,245,Leeds,MID,1.8,71.2,0.0,0.2,0.0,1.8,0.0,0.0,0.0,9.4,12.04,6.640000000000001,8.4,2.7,0.0177,0.023012,0.040712,1.8810399999999998,2
0,Brenden Aaronson,246,Leeds,MID,2.8,87.4,0.0,0.2,0.2,2.2,0.0,0.0,0.0,7.6,7.24,17.119999999999997,18.4,4.299999999999999,0.11406000000000001,0.038822,0.15288200000000002,2.18852,2
0,Darko Gyabi,247,Leeds,MID,0.2,1.4,0.0,0.0,0.0,0.0,0.0,0.0,0.0,1.4,0.8800000000000001,0.1,4.0,0.5,0.012740000000000001,0.0009860000000000001,0.013725999999999999,0.05474,0
0,Tyler Adams,506,Leeds,MID,1.2,71.2,0.0,0.0,0.2,1.6,0.0,0.0,0.0,9.2,12.12,10.8,0.0,2.32,0.0,0.022691999999999997,0.022691999999999997,1.4034,3
0,Luis Sinisterra Lucumí,508,Leeds,MID,0.0,0.0,0.0,0.0,0.0,0.0,0.0,0.0,0.0,0.0,0.0,0.0,0.0,0.0,0.0,0.0,0.0,0.0,0
0,Archie Gray,565,Leeds,MID,0.0,0.0,0.0,0.0,0.0,0.0,0.0,0.0,0.0,0.0,0.0,0.0,0.0,0.0,0.0,0.0,0.0,0.0,0
0,James Milner,274,Liverpool,MID,0.4,6.6,0.0,0.0,0.0,0.2,0.0,0.0,0.0,1.0,1.4,0.54,0.8,0.27999999999999997,0.0,0.00944,0.00944,0.04376,0
0,Jordan Henderson,275,Liverpool,MID,1.2,42.6,0.0,0.0,0.0,0.6,0.0,0.0,0.0,6.8,6.08,6.36,8.4,2.08,0.0441,0.03436,0.07846,0.55262,0
0,Thiago Alcántara do Nascimento,277,Liverpool,MID,2.0,85.2,0.0,0.0,0.0,1.2,0.0,0.0,0.0,15.4,20.080000000000002,21.36,9.6,5.12,0.032720000000000006,0.101128,0.13384800000000002,1.2370199999999998,1
0,Alex Oxlade-Chamberlain,278,Liverpool,MID,1.2,28.6,0.0,0.0,0.0,0.4,0.0,0.0,0.0,3.6,3.0799999999999996,7.24,2.4,1.28,0.02964,0.007294,0.036934,0.45170000000000005,9
0,Fabio Henrique Tavares,282,Liverpool,MID,1.6,66.0,0.0,0.0,0.0,0.8,0.0,0.0,0.0,10.8,12.28,7.459999999999999,1.0,2.0799999999999996,0.013900000000000001,0.01033,0.024229999999999998,1.03544,2
0,Mohamed Salah,283,Liverpool,MID,7.6,90.0,0.8,0.2,0.0,1.2,0.0,0.0,1.0,19.8,37.36,15.819999999999999,65.0,11.82,0.7943999999999999,0.046023999999999995,0.840424,1.2567199999999998,2
0,Naby Keita,287,Liverpool,MID,0.4,10.2,0.0,0.0,0.0,0.0,0.0,0.0,0.0,1.2,0.6799999999999999,4.36,0.8,0.5599999999999999,0.01124,0.005456000000000001,0.016696,0.03438,1
0,Curtis Jones,291,Liverpool,MID,0.4,9.2,0.0,0.0,0.0,0.2,0.0,0.0,0.0,1.4,1.44,3.2,8.0,1.26,0.01286,0.031001999999999995,0.043862,0.12178,1
0,Luis Díaz,293,Liverpool,MID,0.0,0.0,0.0,0.0,0.0,0.0,0.0,0.0,0.0,0.0,0.0,0.0,0.0,0.0,0.0,0.0,0.0,0.0,0
0,Harvey Elliott,294,Liverpool,MID,2.2,61.4,0.0,0.2,0.0,0.8,0.0,0.0,0.0,9.0,8.32,7.9799999999999995,5.2,2.1399999999999997,0.0153,0.114594,0.129894,0.8907,0
0,Fábio Freitas Gouveia Carvalho,296,Liverpool,MID,0.2,0.6,0.0,0.0,0.0,0.0,0.0,0.0,0.0,0.6,0.32,0.2,0.0,0.06,0.0,0.000536,0.000536,0.0,0
0,Stefan Bajcetic,564,Liverpool,MID,1.4,3.0,0.2,0.0,0.0,0.0,0.0,0.0,0.0,5.6,7.68,0.13999999999999999,8.6,1.64,0.1169,0.0005239999999999999,0.117424,0.02758,0
0,Bobby Clark,584,Liverpool,MID,0.0,0.0,0.0,0.0,0.0,0.0,0.0,0.0,0.0,0.0,0.0,0.0,0.0,0.0,0.0,0.0,0.0,0.0,0
0,Arthur Henrique Ramos de Oliveira Melo,620,Liverpool,MID,0.0,0.0,0.0,0.0,0.0,0.0,0.0,0.0,0.0,0.0,0.0,0.0,0.0,0.0,0.0,0.0,0.0,0.0,0
0,Ben Doak,665,Liverpool,MID,0.25,0.5,0.0,0.0,0.0,0.0,0.0,0.0,0.0,1.25,0.55,0.075,0.5,0.125,0.0,0.00024,0.00024,0.034475,0
0,Cody Gakpo,680,Liverpool,MID,0.0,0.0,0.0,0.0,0.0,0.0,0.0,0.0,0.0,0.0,0.0,0.0,0.0,0.0,0.0,0.0,0.0,0.0,0
0,Ilkay Gündogan,300,Man City,MID,2.6,72.6,0.0,0.2,0.2,0.8,0.0,0.0,0.0,8.8,11.28,16.54,19.6,4.68,0.21383999999999997,0.140614,0.354454,0.7044400000000001,3
0,Kevin De Bruyne,301,Man City,MID,4.6,90.0,0.2,0.2,0.2,1.0,0.0,0.0,1.0,20.2,26.800000000000004,67.24000000000001,29.2,12.34,0.14628,0.503916,0.6501959999999999,0.7229,3
0,Riyad Mahrez,303,Man City,MID,2.8,35.4,0.0,0.4,0.0,0.4,0.0,0.0,0.8,11.8,9.96,27.26,12.8,5.0,0.12,0.174468,0.294468,0.12152,6
0,Jack Grealish,305,Man City,MID,3.8,62.2,0.0,0.6,0.4,0.4,0.0,0.0,0.0,12.2,8.48,18.779999999999998,25.8,5.220000000000001,0.19038,0.12384999999999999,0.31422999999999995,0.37856000000000006,4
0,Bernardo Veiga de Carvalho e Silva,311,Man City,MID,1.4,71.2,0.0,0.0,0.2,0.8,0.0,0.0,0.0,10.0,10.28,19.86,17.0,4.7,0.029440000000000004,0.15251399999999998,0.181954,0.60578,1
0,Phil Foden,314,Man City,MID,2.6,29.8,0.2,0.0,0.0,0.6,0.0,0.0,0.4,7.6,10.24,10.559999999999999,23.4,4.42,0.09252,0.043976,0.136496,0.42067999999999994,1
0,Rodrigo Hernandez,315,Man City,MID,3.4,90.0,0.2,0.0,0.2,1.0,0.0,0.0,0.4,21.0,27.040000000000003,28.7,26.8,8.26,0.3475,0.187526,0.535026,0.7229,3
0,Cole Palmer,316,Man City,MID,0.0,0.4,0.0,0.0,0.0,0.0,0.0,0.0,0.0,0.0,0.2,2.16,1.2,0.36,0.0,0.010068,0.010068,0.012740000000000001,0
0,James McAtee,317,Man City,MID,0.0,0.0,0.0,0.0,0.0,0.0,0.0,0.0,0.0,0.0,0.0,0.0,0.0,0.0,0.0,0.0,0.0,0.0,0
0,Kalvin Phillips,325,Man City,MID,0.0,0.0,0.0,0.0,0.0,0.0,0.0,0.0,0.0,0.0,0.0,0.0,0.0,0.0,0.0,0.0,0.0,0.0,1
0,Claudio Gomes,599,Man City,MID,0.0,0.0,0.0,0.0,0.0,0.0,0.0,0.0,0.0,0.0,0.0,0.0,0.0,0.0,0.0,0.0,0.0,0.0,0
0,Ben Knight,600,Man City,MID,0.0,0.0,0.0,0.0,0.0,0.0,0.0,0.0,0.0,0.0,0.0,0.0,0.0,0.0,0.0,0.0,0.0,0.0,0
0,Frederico Rodrigues de Paula Santos,331,Man Utd,MID,1.4,10.6,0.2,0.0,0.0,0.0,0.0,0.0,0.0,4.4,8.6,5.3,4.6,1.8,0.11716,0.012776000000000001,0.129936,0.21739999999999998,1
0,Bruno Borges Fernandes,333,Man Utd,MID,3.4,72.0,0.0,0.4,0.6,0.2,0.0,0.0,0.2,16.4,15.959999999999999,33.1,24.8,7.38,0.10791999999999999,0.269422,0.37734199999999996,0.7410599999999999,6
0,Marcus Rashford,335,Man Utd,MID,6.2,80.0,0.6,0.2,0.4,0.8,0.0,0.0,0.6,16.2,29.360000000000003,9.600000000000001,52.4,9.14,0.33832,0.134272,0.472592,0.8122400000000001,8
0,Donny van de Beek,336,Man Utd,MID,0.8,19.6,0.0,0.0,0.0,0.6,0.0,0.0,0.0,2.2,1.0399999999999998,5.1,9.6,1.58,0.019200000000000002,0.019586,0.038786,0.28488,1
0,Scott McTominay,338,Man Utd,MID,0.4,12.8,0.0,0.0,0.0,0.2,0.0,0.0,0.0,1.4,2.6399999999999997,4.380000000000001,3.2,1.02,0.06368,0.027572000000000003,0.091252,0.3358,0
0,Jadon Sancho,340,Man Utd,MID,0.0,0.0,0.0,0.0,0.0,0.0,0.0,0.0,0.0,0.0,0.0,0.0,0.0,0.0,0.0,0.0,0.0,0.0,0
0,Anthony Elanga,344,Man Utd,MID,1.4,28.8,0.0,0.0,0.2,0.0,0.0,0.0,0.0,3.0,2.6,1.8399999999999999,11.6,1.5000000000000002,0.03796,0.035074,0.073034,0.20529999999999998,1
0,Facundo Pellistri Rebollo,347,Man Utd,MID,0.0,0.0,0.0,0.0,0.0,0.0,0.0,0.0,0.0,0.0,0.0,0.0,0.0,0.0,0.0,0.0,0.0,0.0,0
0,Christian Eriksen,519,Man Utd,MID,6.2,78.8,0.2,0.6,0.6,0.8,0.0,0.0,1.0,24.0,25.04,29.22,10.4,6.4799999999999995,0.22308,0.22557400000000002,0.448654,0.6832999999999999,6
0,Amad Diallo,550,Man Utd,MID,0.0,0.0,0.0,0.0,0.0,0.0,0.0,0.0,0.0,0.0,0.0,0.0,0.0,0.0,0.0,0.0,0.0,0.0,0
0,Zidane Iqbal,551,Man Utd,MID,0.0,0.0,0.0,0.0,0.0,0.0,0.0,0.0,0.0,0.0,0.0,0.0,0.0,0.0,0.0,0.0,0.0,0.0,0
0,Alejandro Garnacho,569,Man Utd,MID,1.6,30.4,0.2,0.0,0.0,0.6,0.0,0.0,0.0,2.8,7.960000000000001,2.42,18.0,2.8200000000000003,0.1378,0.017496,0.15529600000000002,0.31314000000000003,4
0,Carlos Henrique Casimiro,593,Man Utd,MID,3.4,90.0,0.0,0.2,0.6,0.8,0.0,0.0,0.4,14.6,24.12,18.9,19.4,6.26,0.05486,0.125936,0.180796,0.90068,10
0,Antony Matheus dos Santos,609,Man Utd,MID,1.2,30.8,0.0,0.0,0.4,0.0,0.0,0.0,0.0,1.2,2.32,2.2,21.6,2.6,0.17194,0.009976,0.18191600000000002,0.14700000000000002,0
0,Kobbie Mainoo,643,Man Utd,MID,0.0,0.0,0.0,0.0,0.0,0.0,0.0,0.0,0.0,0.0,0.0,0.0,0.0,0.0,0.0,0.0,0.0,0.0,0
0,Jonjo Shelvey,349,Newcastle,MID,0.4,6.6,0.0,0.0,0.0,0.2,0.0,0.0,0.0,1.0,0.52,0.15999999999999998,0.0,0.08,0.0,0.000718,0.000718,0.12936,0
0,Ryan Fraser,359,Newcastle,MID,0.0,0.0,0.0,0.0,0.0,0.0,0.0,0.0,0.0,0.0,0.0,0.0,0.0,0.0,0.0,0.0,0.0,0.0,0
0,Jacob Murphy,365,Newcastle,MID,2.0,19.8,0.0,0.2,0.2,0.0,0.0,0.0,0.0,4.8,4.359999999999999,6.28,6.4,1.6999999999999997,0.02802,0.036298,0.064318,0.25064000000000003,1
0,Allan Saint-Maximin,368,Newcastle,MID,1.4,10.8,0.0,0.2,0.0,0.2,0.0,0.0,0.0,3.4,4.8,4.640000000000001,0.4,0.9800000000000001,0.0,0.009922,0.009922,0.15092,1
0,Miguel Almirón Rejala,369,Newcastle,MID,7.4,84.0,0.6,0.4,1.0,0.0,0.0,0.0,0.2,22.4,31.040000000000003,19.400000000000002,31.8,8.239999999999998,0.2624000000000001,0.07113599999999999,0.33353599999999994,0.54128,2
0,Sean Longstaff,370,Newcastle,MID,2.6,90.0,0.0,0.0,0.8,0.2,0.0,0.0,0.0,4.8,7.760000000000001,9.760000000000002,15.6,3.3200000000000003,0.18136,0.05935999999999999,0.24071999999999996,0.67958,3
0,Joelinton Cássio Apolinário de Lira,371,Newcastle,MID,5.2,72.0,0.4,0.2,0.8,0.0,0.0,0.0,0.4,17.6,24.720000000000002,15.24,25.0,6.480000000000001,0.2084,0.12096399999999999,0.329364,0.33066000000000006,2
0,Joe Willock,373,Newcastle,MID,5.8,74.4,0.4,0.0,1.0,0.0,0.0,0.0,0.8,15.8,21.04,12.36,18.0,5.159999999999999,0.09799999999999999,0.09889999999999999,0.19690000000000002,0.52866,3
0,Bruno Guimarães Rodriguez Moura,374,Newcastle,MID,4.2,88.4,0.2,0.2,0.8,0.2,0.0,0.0,0.0,15.0,22.359999999999996,11.180000000000001,12.6,4.62,0.06342,0.055272,0.11869199999999999,0.67958,2
0,Jeff Hendrick,375,Newcastle,MID,0.0,0.0,0.0,0.0,0.0,0.0,0.0,0.0,0.0,0.0,0.0,0.0,0.0,0.0,0.0,0.0,0.0,0.0,0
0,Elliot Anderson,552,Newcastle,MID,0.4,2.0,0.0,0.0,0.0,0.2,0.0,0.0,0.0,1.2,0.0,0.06,0.0,0.0,0.0,5e-05,5e-05,0.10722000000000001,0
0,Garang Kuol,683,Newcastle,MID,0.0,0.0,0.0,0.0,0.0,0.0,0.0,0.0,0.0,0.0,0.0,0.0,0.0,0.0,0.0,0.0,0.0,0.0,0
0,Harry Arter,378,Nott'm Forest,MID,0.0,0.0,0.0,0.0,0.0,0.0,0.0,0.0,0.0,0.0,0.0,0.0,0.0,0.0,0.0,0.0,0.0,0.0,0
0,Jack Colback,381,Nott'm Forest,MID,0.4,6.2,0.0,0.0,0.0,0.0,0.0,0.0,0.0,1.6,1.12,0.12,0.0,0.12,0.0,0.001078,0.001078,0.1022,1
0,Carlos Ribeiro Dias,383,Nott'm Forest,MID,0.0,0.0,0.0,0.0,0.0,0.0,0.0,0.0,0.0,0.0,0.0,0.0,0.0,0.0,0.0,0.0,0.0,0.0,0
0,Joe Lolley,384,Nott'm Forest,MID,0.0,0.0,0.0,0.0,0.0,0.0,0.0,0.0,0.0,0.0,0.0,0.0,0.0,0.0,0.0,0.0,0.0,0.0,0
0,Ryan Yates,387,Nott'm Forest,MID,1.6,90.0,0.0,0.0,0.2,2.2,0.0,0.0,0.0,6.0,8.84,3.2,6.8,1.86,0.039900000000000005,0.014756,0.054655999999999996,1.6802199999999998,3
0,Xande Nascimento da Costa Silva,390,Nott'm Forest,MID,0.0,0.0,0.0,0.0,0.0,0.0,0.0,0.0,0.0,0.0,0.0,0.0,0.0,0.0,0.0,0.0,0.0,0.0,0
0,Alex Mighten,395,Nott'm Forest,MID,0.0,0.0,0.0,0.0,0.0,0.0,0.0,0.0,0.0,0.0,0.0,0.0,0.0,0.0,0.0,0.0,0.0,0.0,0
0,Braian Ojeda Rodríguez,396,Nott'm Forest,MID,0.0,0.0,0.0,0.0,0.0,0.0,0.0,0.0,0.0,0.0,0.0,0.0,0.0,0.0,0.0,0.0,0.0,0.0,0
0,Morgan Gibbs-White,493,Nott'm Forest,MID,5.2,64.0,0.4,0.2,0.2,1.2,0.0,0.0,1.2,15.6,19.520000000000003,27.22,32.8,7.959999999999999,0.27505999999999997,0.16646999999999998,0.4415299999999999,0.9700199999999999,3
0,Lewis O'Brien,524,Nott'm Forest,MID,0.8,14.8,0.0,0.0,0.0,0.4,0.0,0.0,0.0,2.0,1.52,0.64,0.2,0.22000000000000003,0.0115,0.010288000000000002,0.021788,0.57736,0
0,Jesse Lingard,527,Nott'm Forest,MID,1.2,39.6,0.0,0.0,0.2,1.0,0.0,0.0,0.0,3.4,0.8,3.04,5.4,0.9400000000000001,0.07976000000000001,0.010268,0.090028,0.6109199999999999,0
0,Orel Mangala,536,Nott'm Forest,MID,0.6,27.8,0.0,0.0,0.0,0.6,0.0,0.0,0.0,1.2,0.04,0.52,1.4,0.18,0.022539999999999998,0.0036580000000000002,0.026198,0.41129999999999994,1
0,Oliver Hammond,553,Nott'm Forest,MID,0.0,0.0,0.0,0.0,0.0,0.0,0.0,0.0,0.0,0.0,0.0,0.0,0.0,0.0,0.0,0.0,0.0,0.0,0
0,Remo Freuler,582,Nott'm Forest,MID,2.2,87.6,0.0,0.0,0.2,2.2,0.0,0.0,0.0,10.4,14.199999999999998,9.64,1.8,2.58,0.00862,0.022422,0.031042000000000004,1.6656599999999997,2
0,Cheikhou Kouyaté,583,Nott'm Forest,MID,1.4,43.0,0.0,0.0,0.2,1.2,0.0,0.0,0.0,7.2,5.359999999999999,2.32,1.2,0.9,0.0,0.029536,0.029536,0.80902,0
0,Gustavo Henrique Furtado Scarpa,681,Nott'm Forest,MID,1.0,19.0,0.0,0.0,0.0,0.0,0.0,0.0,0.0,3.0,0.6,0.6,8.0,0.9,0.0613,0.00744,0.06874,0.1273,1
0,Ainsley Maitland-Niles,21,Southampton,MID,1.4,58.2,0.0,0.0,0.0,1.4,0.0,0.0,0.0,11.8,12.919999999999998,14.059999999999999,0.8,2.7600000000000002,0.0,0.080666,0.080666,0.48549999999999993,0
0,Roméo Lavia,321,Southampton,MID,0.6,27.6,0.0,0.0,0.0,1.4,0.0,0.0,0.0,3.6,3.0,3.5,0.0,0.6599999999999999,0.0,0.026442,0.026442,0.6230800000000001,2
0,Theo Walcott,400,Southampton,MID,0.6,19.0,0.0,0.0,0.0,0.6,0.0,0.0,0.0,0.6,0.72,0.52,0.8,0.18,0.0,0.002724,0.002724,0.22974,0
0,Oriol Romeu Vidal,402,Southampton,MID,0.0,0.0,0.0,0.0,0.0,0.0,0.0,0.0,0.0,0.0,0.0,0.0,0.0,0.0,0.0,0.0,0.0,0.0,0
0,Nathan Redmond,403,Southampton,MID,0.0,0.0,0.0,0.0,0.0,0.0,0.0,0.0,0.0,0.0,0.0,0.0,0.0,0.0,0.0,0.0,0.0,0.0,0
0,Stuart Armstrong,405,Southampton,MID,1.4,54.6,0.0,0.0,0.0,1.8,0.0,0.0,0.0,6.0,4.2,7.340000000000001,7.4,1.9,0.046020000000000005,0.12897,0.17499,0.95412,0
0,Mohamed Elyounoussi,406,Southampton,MID,1.6,83.8,0.0,0.0,0.0,2.6,0.0,0.0,0.0,7.0,11.64,20.919999999999998,24.0,5.659999999999999,0.25014,0.10972200000000001,0.359862,1.01688,2
0,James Ward-Prowse,407,Southampton,MID,4.2,90.0,0.4,0.2,0.0,2.6,0.2,0.0,0.4,21.8,29.72,35.92,10.0,7.58,0.23094,0.18188600000000002,0.4128259999999999,1.17456,2
0,Nathan Tella,412,Southampton,MID,0.0,0.0,0.0,0.0,0.0,0.0,0.0,0.0,0.0,0.0,0.0,0.0,0.0,0.0,0.0,0.0,0.0,0.0,0
0,Will Smallbone,415,Southampton,MID,0.0,0.0,0.0,0.0,0.0,0.0,0.0,0.0,0.0,0.0,0.0,0.0,0.0,0.0,0.0,0.0,0.0,0.0,0
0,Ibrahima Diallo,416,Southampton,MID,0.4,18.0,0.0,0.0,0.0,0.6,0.0,0.0,0.0,1.6,1.56,0.36,1.6,0.36,0.01046,0.0009159999999999999,0.011376,0.20526,0
0,Moussa Djenepo,418,Southampton,MID,0.4,12.2,0.0,0.0,0.0,0.4,0.0,0.0,0.0,1.0,1.3599999999999999,2.46,0.4,0.44000000000000006,0.0,0.0049759999999999995,0.0049759999999999995,0.0756,0
0,Joe Ayodele-Aribo,512,Southampton,MID,1.2,47.0,0.0,0.0,0.0,0.8,0.0,0.0,0.0,5.8,4.999999999999999,5.380000000000001,6.2,1.6600000000000001,0.0074800000000000005,0.024654,0.032134,0.36892,1
0,Samuel Edozie,624,Southampton,MID,1.4,46.4,0.0,0.0,0.0,1.0,0.0,0.0,0.0,4.6,6.68,6.28,16.0,2.88,0.1296,0.029746,0.15934600000000002,0.29808,1
0,Lewis Payne,647,Southampton,MID,0.0,0.0,0.0,0.0,0.0,0.0,0.0,0.0,0.0,0.0,0.0,0.0,0.0,0.0,0.0,0.0,0.0,0.0,0
0,Ryan Finnigan,648,Southampton,MID,0.0,0.0,0.0,0.0,0.0,0.0,0.0,0.0,0.0,0.0,0.0,0.0,0.0,0.0,0.0,0.0,0.0,0.0,0
0,Son Heung-min,428,Spurs,MID,1.2,54.0,0.0,0.0,0.0,1.2,0.0,0.0,0.0,5.6,9.879999999999999,22.04,15.6,4.76,0.08062,0.131784,0.21240399999999998,0.7381800000000001,8
0,Lucas Rodrigues Moura da Silva,431,Spurs,MID,0.6,9.6,0.0,0.0,0.0,0.2,0.0,0.0,0.0,2.4,2.2399999999999998,3.4,4.8,1.0399999999999998,0.01752,0.013680000000000001,0.0312,0.04524,0
0,Pierre-Emile Højbjerg,433,Spurs,MID,4.2,89.4,0.2,0.2,0.0,2.2,0.0,0.0,0.6,18.4,24.88,20.36,15.4,6.08,0.11539999999999999,0.11799600000000002,0.23339600000000002,1.15792,3
0,Harry Winks,434,Spurs,MID,0.0,0.0,0.0,0.0,0.0,0.0,0.0,0.0,0.0,0.0,0.0,0.0,0.0,0.0,0.0,0.0,0.0,0.0,0
0,Steven Bergwijn,437,Spurs,MID,0.0,0.0,0.0,0.0,0.0,0.0,0.0,0.0,0.0,0.0,0.0,0.0,0.0,0.0,0.0,0.0,0.0,0.0,0
0,Rodrigo Bentancur,440,Spurs,MID,4.8,42.4,0.6,0.0,0.0,1.0,0.0,0.0,1.0,19.4,27.68,5.3,20.8,5.38,0.16484000000000001,0.0214,0.18624000000000002,0.46254,0
0,Oliver Skipp,441,Spurs,MID,0.4,9.4,0.0,0.0,0.0,0.2,0.0,0.0,0.0,1.0,0.44000000000000006,1.54,3.8,0.58,0.011179999999999999,0.006704,0.017884,0.09884000000000001,2
0,Yves Bissouma,444,Spurs,MID,1.2,66.8,0.0,0.0,0.0,1.8,0.0,0.0,0.0,11.2,9.32,8.5,2.2,2.0,0.01202,0.02693,0.03895,0.9561399999999999,0
0,Dejan Kulusevski,446,Spurs,MID,2.2,40.2,0.0,0.4,0.0,1.0,0.0,0.0,0.0,8.4,13.12,18.02,17.2,4.840000000000001,0.044579999999999995,0.197544,0.242124,0.68298,0
0,Harvey White,449,Spurs,MID,0.0,0.0,0.0,0.0,0.0,0.0,0.0,0.0,0.0,0.0,0.0,0.0,0.0,0.0,0.0,0.0,0.0,0.0,1
0,Pape Matar Sarr,450,Spurs,MID,0.2,2.0,0.0,0.0,0.0,0.0,0.0,0.0,0.0,1.2,1.04,0.06,0.0,0.12,0.0,0.000172,0.000172,0.04646,1
0,Alfie Devine,452,Spurs,MID,0.0,0.0,0.0,0.0,0.0,0.0,0.0,0.0,0.0,0.0,0.0,0.0,0.0,0.0,0.0,0.0,0.0,0.0,0
0,Bryan Gil Salvatierra,554,Spurs,MID,0.6,13.6,0.0,0.0,0.0,0.2,0.0,0.0,0.0,2.0,0.9199999999999999,2.98,0.4,0.44000000000000006,0.0,0.0066159999999999995,0.0066159999999999995,0.056900000000000006,5
0,Manuel Lanzini,460,West Ham,MID,0.2,5.2,0.0,0.0,0.0,0.2,0.0,0.0,0.0,0.6,0.27999999999999997,0.18,0.0,0.04,0.0,0.000906,0.000906,0.02132,0
0,Saïd Benrahma,464,West Ham,MID,4.0,84.6,0.4,0.0,0.0,1.8,0.0,0.0,0.0,15.2,25.68,21.4,20.8,6.8,0.29466000000000003,0.051866,0.346526,1.53158,1
0,Jarrod Bowen,465,West Ham,MID,2.4,90.0,0.0,0.2,0.0,2.0,0.0,0.0,0.0,6.2,6.68,21.72,31.6,6.0,0.18422,0.115644,0.299864,1.5529,5
0,Nikola Vlasic,466,West Ham,MID,0.0,0.0,0.0,0.0,0.0,0.0,0.0,0.0,0.0,0.0,0.0,0.0,0.0,0.0,0.0,0.0,0.0,0.0,0
0,Declan Rice,467,West Ham,MID,2.0,90.0,0.0,0.0,0.0,2.0,0.0,0.0,0.0,12.0,15.48,16.14,4.6,3.62,0.05628,0.050326,0.106606,1.5529,2
0,Tomas Soucek,468,West Ham,MID,1.6,62.4,0.0,0.0,0.0,1.2,0.0,0.0,0.0,6.0,8.080000000000002,3.7600000000000002,3.8,1.56,0.019219999999999998,0.007768,0.026987999999999995,1.0048400000000002,2
0,Pablo Fornals Malla,469,West Ham,MID,0.8,8.2,0.0,0.0,0.0,0.4,0.0,0.0,0.0,4.0,2.56,6.4399999999999995,1.8,1.08,0.00408,0.077652,0.081732,0.24276,2
0,Flynn Downes,509,West Ham,MID,0.6,20.4,0.0,0.0,0.0,0.4,0.0,0.0,0.0,3.0,0.5599999999999999,2.72,0.0,0.33999999999999997,0.0,0.002516,0.002516,0.24234,1
0,Conor Coventry,556,West Ham,MID,0.0,0.0,0.0,0.0,0.0,0.0,0.0,0.0,0.0,0.0,0.0,0.0,0.0,0.0,0.0,0.0,0.0,0.0,0
0,Armstrong Oko-Flex,572,West Ham,MID,0.0,0.0,0.0,0.0,0.0,0.0,0.0,0.0,0.0,0.0,0.0,0.0,0.0,0.0,0.0,0.0,0.0,0.0,0
0,Maxwel Cornet,575,West Ham,MID,0.0,0.0,0.0,0.0,0.0,0.0,0.0,0.0,0.0,0.0,0.0,0.0,0.0,0.0,0.0,0.0,0.0,0.0,0
0,Lucas Tolentino Coelho de Lima,603,West Ham,MID,2.0,70.2,0.0,0.2,0.0,1.6,0.0,0.0,0.0,11.6,14.16,19.3,10.6,4.4399999999999995,0.0804,0.043708,0.12410800000000002,1.2904,8
0,Rúben da Silva Neves,480,Wolves,MID,4.2,90.0,0.4,0.0,0.0,1.6,0.0,0.0,0.6,16.0,25.16,12.360000000000001,18.6,5.62,0.23549999999999996,0.015738,0.251238,1.7623600000000004,2
0,Hwang Hee-chan,481,Wolves,MID,1.0,43.2,0.0,0.0,0.0,0.8,0.0,0.0,0.0,3.6,2.5599999999999996,3.8600000000000003,2.4,0.8800000000000001,0.004,0.007802000000000001,0.011802,0.83158,0
0,Daniel Castelo Podence,483,Wolves,MID,2.8,61.8,0.2,0.2,0.0,1.2,0.0,0.0,0.0,8.8,15.960000000000003,15.559999999999999,31.4,6.26,0.14864,0.051886,0.20052600000000004,1.09206,7
0,Luke Cundle,485,Wolves,MID,0.0,0.0,0.0,0.0,0.0,0.0,0.0,0.0,0.0,0.0,0.0,0.0,0.0,0.0,0.0,0.0,0.0,0.0,0
0,Pedro Lomba Neto,486,Wolves,MID,0.0,0.0,0.0,0.0,0.0,0.0,0.0,0.0,0.0,0.0,0.0,0.0,0.0,0.0,0.0,0.0,0.0,0.0,0
0,Francisco Jorge Tomás Oliveira,490,Wolves,MID,0.0,0.0,0.0,0.0,0.0,0.0,0.0,0.0,0.0,0.0,0.0,0.0,0.0,0.0,0.0,0.0,0.0,0.0,0
0,Adama Traoré Diarra,491,Wolves,MID,1.4,53.8,0.0,0.0,0.0,1.0,0.0,0.0,0.0,2.6,5.2,8.7,6.8,2.06,0.0201,0.07372,0.09381999999999999,1.08914,1
0,João Filipe Iria Santos Moutinho,503,Wolves,MID,2.6,71.0,0.0,0.2,0.2,1.2,0.0,0.0,0.0,10.2,8.2,10.98,5.6,2.46,0.024820000000000002,0.074754,0.09957400000000001,1.4264199999999998,4
0,Joseph Hodge,566,Wolves,MID,0.2,11.6,0.0,0.0,0.0,0.2,0.0,0.0,0.0,1.2,0.48,0.26,0.0,0.08,0.0,0.000554,0.000554,0.20326,1
0,Connor Ronan,567,Wolves,MID,0.2,0.2,0.0,0.0,0.0,0.0,0.0,0.0,0.0,0.6,0.12,0.08,0.0,0.02,0.0,0.000314,0.000314,0.0066,0
0,Chem Campbell,568,Wolves,MID,0.0,0.0,0.0,0.0,0.0,0.0,0.0,0.0,0.0,0.0,0.0,0.0,0.0,0.0,0.0,0.0,0.0,0.0,0
0,Gonçalo Manuel Ganchinho Guedes,579,Wolves,MID,2.2,37.4,0.2,0.0,0.0,0.8,0.0,0.0,0.0,7.8,9.48,4.0200000000000005,17.0,3.04,0.10833999999999999,0.011342,0.119682,0.8067400000000001,0
0,Matheus Luiz Nunes,589,Wolves,MID,1.0,34.2,0.0,0.0,0.0,0.2,0.0,0.0,0.0,4.0,4.159999999999999,3.2600000000000002,1.6,0.8800000000000001,0.00496,0.004902,0.009862,0.5937,2
0,Boubacar Traoré,629,Wolves,MID,1.6,53.8,0.0,0.2,0.0,1.2,0.0,0.0,0.0,4.4,5.48,2.9799999999999995,1.4,0.9799999999999999,0.01308,0.009831999999999999,0.022912,1.01152,0
0,Harvey Griffiths,658,Wolves,MID,0.0,0.0,0.0,0.0,0.0,0.0,0.0,0.0,0.0,0.0,0.0,0.0,0.0,0.0,0.0,0.0,0.0,0.0,0
0,Eddie Nketiah,11,Arsenal,FWD,3.0,39.0,0.4,0.0,0.0,0.6,0.0,0.0,0.4,11.8,13.560000000000002,3.2800000000000002,20.0,3.6799999999999997,0.23434,0.015410000000000002,0.24974999999999997,0.4516,1
0,Gabriel Fernando de Jesus,28,Arsenal,FWD,2.6,54.0,0.0,0.4,0.6,0.0,0.0,0.0,0.2,8.4,14.84,15.719999999999999,42.4,7.3,0.3136,0.150462,0.46406200000000003,0.28044,0
0,Nathan Butler-Oyedeji,685,Arsenal,FWD,0.0,0.0,0.0,0.0,0.0,0.0,0.0,0.0,0.0,0.0,0.0,0.0,0.0,0.0,0.0,0.0,0.0,0.0,0
0,Danny Ings,30,Aston Villa,FWD,3.6,39.0,0.4,0.0,0.0,1.0,0.0,0.0,0.6,14.2,16.560000000000002,5.0600000000000005,14.0,3.5799999999999996,0.217,0.014911999999999998,0.23191199999999998,0.7705,8
0,Ollie Watkins,40,Aston Villa,FWD,3.4,69.4,0.2,0.4,0.2,1.6,0.0,0.0,0.0,11.6,17.560000000000002,13.88,29.6,6.1,0.18156,0.05916600000000001,0.240726,1.42752,2
0,Keinan Davis,52,Aston Villa,FWD,0.0,0.0,0.0,0.0,0.0,0.0,0.0,0.0,0.0,0.0,0.0,0.0,0.0,0.0,0.0,0.0,0.0,0.0,0
0,Cameron Archer,54,Aston Villa,FWD,0.2,1.4,0.0,0.0,0.0,0.0,0.0,0.0,0.0,0.4,0.04,0.0,0.0,0.0,0.0,2.0000000000000003e-06,2.0000000000000003e-06,0.06423999999999999,0
0,Kieffer Moore,62,Bournemouth,FWD,5.0,84.0,0.6,0.0,0.2,2.2,0.0,0.0,0.6,16.6,26.96,3.7,24.6,5.479999999999999,0.41456,0.027858,0.442418,1.6145,1
0,Dominic Solanke,66,Bournemouth,FWD,3.2,89.6,0.2,0.2,0.2,2.0,0.0,0.0,0.0,9.2,13.76,5.16,29.4,4.8,0.20895999999999998,0.014355999999999999,0.22331600000000001,1.58928,2
0,Christian Saydee,597,Bournemouth,FWD,0.0,0.0,0.0,0.0,0.0,0.0,0.0,0.0,0.0,0.0,0.0,0.0,0.0,0.0,0.0,0.0,0.0,0.0,0
0,Ivan Toney,80,Brentford,FWD,6.2,72.0,0.8,0.2,0.2,0.8,0.0,0.0,1.2,20.8,36.04,10.780000000000001,59.2,10.6,0.63414,0.058914,0.6930540000000001,0.89832,0
0,Bryan Mbeumo,95,Brentford,FWD,2.6,74.8,0.2,0.2,0.0,1.0,0.0,0.0,0.2,9.8,17.32,21.36,19.0,5.76,0.28096,0.17479799999999998,0.45575800000000005,0.8736200000000001,12
0,Marcus Forss,97,Brentford,FWD,0.0,0.0,0.0,0.0,0.0,0.0,0.0,0.0,0.0,0.0,0.0,0.0,0.0,0.0,0.0,0.0,0.0,0.0,0
0,Halil Dervişoğlu,541,Brentford,FWD,0.0,0.0,0.0,0.0,0.0,0.0,0.0,0.0,0.0,0.0,0.0,0.0,0.0,0.0,0.0,0.0,0.0,0.0,0
0,Danny Welbeck,103,Brighton,FWD,0.4,16.6,0.0,0.0,0.0,0.4,0.0,0.0,0.0,0.4,1.48,0.22000000000000003,2.6,0.44000000000000006,0.0066,0.02401,0.03061,0.33074,0
0,Deniz Undav,123,Brighton,FWD,0.4,7.8,0.0,0.0,0.0,0.0,0.0,0.0,0.0,1.0,0.64,0.22000000000000003,7.4,0.8399999999999999,0.032,0.002128,0.034128000000000006,0.03166,0
0,Julio Enciso,125,Brighton,FWD,1.0,18.4,0.0,0.2,0.0,0.4,0.0,0.0,0.0,1.6,1.64,0.36,10.2,1.2,0.06994,0.007104000000000001,0.077044,0.34632,1
0,Evan Ferguson,596,Brighton,FWD,1.2,7.4,0.2,0.0,0.0,0.2,0.0,0.0,0.0,5.8,7.24,0.13999999999999999,5.6,1.3,0.06376,0.000378,0.064138,0.07493999999999999,11
0,Timo Werner,137,Chelsea,FWD,0.0,0.0,0.0,0.0,0.0,0.0,0.0,0.0,0.0,0.0,0.0,0.0,0.0,0.0,0.0,0.0,0.0,0.0,0
0,Kai Havertz,145,Chelsea,FWD,3.8,70.0,0.2,0.2,0.2,0.6,0.0,0.0,0.6,13.4,17.2,17.639999999999997,28.2,6.3,0.20743999999999999,0.06667799999999999,0.274118,1.15788,0
0,Armando Broja,150,Chelsea,FWD,0.6,19.6,0.0,0.0,0.0,0.2,0.0,0.0,0.0,0.0,2.2399999999999998,2.5200000000000005,3.8,0.86,0.02116,0.007514,0.028673999999999998,0.26086,0
0,Pierre-Emerick Aubameyang,617,Chelsea,FWD,1.0,30.0,0.0,0.0,0.0,0.4,0.0,0.0,0.0,1.8,0.4,0.44000000000000006,6.2,0.6799999999999999,0.06102,0.002678,0.063698,0.71662,0
0,David Datro Fofana,684,Chelsea,FWD,0.0,0.0,0.0,0.0,0.0,0.0,0.0,0.0,0.0,0.0,0.0,0.0,0.0,0.0,0.0,0.0,0.0,0.0,0
0,Christian Benteke,155,Crystal Palace,FWD,0.0,0.0,0.0,0.0,0.0,0.0,0.0,0.0,0.0,0.0,0.0,0.0,0.0,0.0,0.0,0.0,0.0,0.0,0
0,Odsonne Edouard,166,Crystal Palace,FWD,1.6,19.0,0.2,0.0,0.2,0.0,0.0,0.0,0.2,5.8,11.360000000000001,7.08,16.0,3.4,0.18109999999999998,0.006976,0.188076,0.26794,1
0,Jean-Philippe Mateta,168,Crystal Palace,FWD,0.4,9.4,0.0,0.0,0.0,0.0,0.0,0.0,0.0,0.8,0.04,2.22,1.6,0.38,0.014779999999999998,0.00515,0.01993,0.10922000000000001,1
0,Luke Plange,496,Crystal Palace,FWD,0.0,0.0,0.0,0.0,0.0,0.0,0.0,0.0,0.0,0.0,0.0,0.0,0.0,0.0,0.0,0.0,0.0,0.0,0
0,John-Kymani Gordon,634,Crystal Palace,FWD,0.0,0.0,0.0,0.0,0.0,0.0,0.0,0.0,0.0,0.0,0.0,0.0,0.0,0.0,0.0,0.0,0.0,0.0,0
0,Neal Maupay,110,Everton,FWD,1.2,41.6,0.0,0.0,0.0,1.0,0.0,0.0,0.0,2.4,2.5200000000000005,2.88,17.0,2.2399999999999998,0.09015999999999999,0.0027259999999999997,0.092886,0.9647600000000001,1
0,Salomón Rondón,177,Everton,FWD,0.0,0.0,0.0,0.0,0.0,0.0,0.0,0.0,0.0,0.0,0.0,0.0,0.0,0.0,0.0,0.0,0.0,0.0,0
0,Dominic Calvert-Lewin,191,Everton,FWD,1.2,43.8,0.0,0.0,0.2,0.4,0.0,0.0,0.0,1.8,1.72,3.18,11.6,1.64,0.2041,0.027418000000000005,0.23151799999999997,0.85964,2
0,Thomas Cannon,662,Everton,FWD,0.5,5.75,0.0,0.0,0.0,0.25,0.0,0.0,0.0,1.75,1.25,2.9,5.25,0.95,0.022225,0.0010299999999999999,0.023255,0.11015,0
0,Ellis Simms,686,Everton,FWD,1.0,7.0,0.0,0.0,0.0,0.0,0.0,0.0,0.0,3.0,0.2,3.1,0.0,0.3,0.0,0.00584,0.00584,0.0537,1
0,Aleksandar Mitrović,210,Fulham,FWD,4.0,52.8,0.4,0.4,0.4,0.2,0.0,0.0,0.6,13.8,19.84,6.540000000000001,37.4,6.38,0.46892000000000006,0.044732,0.513652,0.54826,0
0,Rodrigo Muniz Carvalho,218,Fulham,FWD,0.0,0.0,0.0,0.0,0.0,0.0,0.0,0.0,0.0,0.0,0.0,0.0,0.0,0.0,0.0,0.0,0.0,0.0,0
0,Jay Stansfield,219,Fulham,FWD,0.0,0.0,0.0,0.0,0.0,0.0,0.0,0.0,0.0,0.0,0.0,0.0,0.0,0.0,0.0,0.0,0.0,0.0,0
0,Terry Ablade,591,Fulham,FWD,0.0,0.0,0.0,0.0,0.0,0.0,0.0,0.0,0.0,0.0,0.0,0.0,0.0,0.0,0.0,0.0,0.0,0.0,0
0,Carlos Vinícius Alves Morais,618,Fulham,FWD,1.0,34.0,0.0,0.0,0.0,0.6,0.0,0.0,0.0,2.0,2.32,3.08,15.2,2.0599999999999996,0.0391,0.035336,0.07443599999999999,0.76958,0
0,Jamie Vardy,255,Leicester,FWD,1.4,46.2,0.0,0.0,0.0,0.6,0.0,0.0,0.0,3.2,3.72,3.94,9.8,1.7600000000000002,0.023780000000000003,0.055728,0.079508,0.75832,2
0,Kelechi Iheanacho,262,Leicester,FWD,0.6,11.4,0.0,0.0,0.0,0.0,0.0,0.0,0.0,1.0,0.6799999999999999,2.4800000000000004,8.0,1.1,0.06506,0.012402,0.077462,0.10626,1
0,Patson Daka,271,Leicester,FWD,2.6,42.8,0.0,0.4,0.4,0.6,0.0,0.0,0.0,6.6,8.040000000000001,9.66,21.8,3.9200000000000004,0.1734,0.034906,0.20830600000000002,0.78054,0
0,Patrick Bamford,227,Leeds,FWD,0.8,7.6,0.0,0.2,0.0,0.0,0.0,0.0,0.0,2.6,4.24,2.34,3.0,0.96,0.023119999999999998,0.007326000000000001,0.030446,0.21027999999999997,0
0,Sam Greenwood,237,Leeds,FWD,2.8,34.2,0.2,0.4,0.0,1.2,0.0,0.0,0.2,10.2,17.080000000000002,20.48,9.4,4.68,0.07594000000000001,0.08340600000000001,0.159346,1.01206,1
0,Joe Gelhardt,242,Leeds,FWD,0.6,7.2,0.0,0.0,0.0,0.0,0.0,0.0,0.0,1.2,0.8800000000000001,0.18,8.8,1.0,0.044939999999999994,0.00071,0.04565,0.17582,1
0,Wilfried Gnonto,619,Leeds,FWD,1.6,53.4,0.0,0.2,0.2,1.0,0.0,0.0,0.0,5.8,7.719999999999999,14.679999999999998,7.0,2.96,0.031079999999999997,0.110704,0.141784,1.58426,9
0,Mateo Joseph Fernández,659,Leeds,FWD,0.2,0.2,0.0,0.0,0.0,0.0,0.0,0.0,0.0,0.4,0.0,0.0,0.0,0.0,0.0,0.0,0.0,0.0,0
0,Sonny Perkins,663,Leeds,FWD,0.0,0.0,0.0,0.0,0.0,0.0,0.0,0.0,0.0,0.0,0.0,0.0,0.0,0.0,0.0,0.0,0.0,0.0,0
0,Roberto Firmino,279,Liverpool,FWD,2.0,47.4,0.2,0.0,0.0,0.8,0.0,0.0,0.0,9.0,12.12,10.559999999999999,29.0,5.18,0.10396000000000001,0.012008,0.115968,0.69528,0
0,Diogo Teixeira da Silva,288,Liverpool,FWD,0.0,0.0,0.0,0.0,0.0,0.0,0.0,0.0,0.0,0.0,0.0,0.0,0.0,0.0,0.0,0.0,0.0,0.0,0
0,Darwin Núñez Ribeiro,297,Liverpool,FWD,5.8,87.8,0.4,0.4,0.0,1.2,0.0,0.0,1.0,18.0,26.28,26.160000000000004,58.4,11.080000000000002,0.6544000000000001,0.14571800000000001,0.800118,1.2175999999999998,1
0,Erling Haaland,318,Man City,FWD,5.0,59.2,0.8,0.0,0.0,0.8,0.0,0.0,1.0,20.6,28.359999999999996,9.44,45.4,8.320000000000002,0.7337199999999999,0.08054399999999999,0.814264,0.39916,2
0,Julián Álvarez,319,Man City,FWD,2.6,29.2,0.2,0.0,0.2,0.4,0.0,0.0,0.6,7.4,9.0,6.0600000000000005,12.8,2.74,0.10869999999999999,0.025412,0.13411199999999998,0.42386,0
0,Liam Delap,323,Man City,FWD,0.0,0.0,0.0,0.0,0.0,0.0,0.0,0.0,0.0,0.0,0.0,0.0,0.0,0.0,0.0,0.0,0.0,0.0,0
0,Cristiano Ronaldo dos Santos Aveiro,326,Man Utd,FWD,0.6,36.0,0.0,0.0,0.2,0.6,0.0,0.0,0.0,0.6,2.08,1.3399999999999999,16.6,2.02,0.12866,0.005050000000000001,0.13371,0.34824,0
0,Anthony Martial,345,Man Utd,FWD,2.2,48.0,0.2,0.0,0.4,0.2,0.0,0.0,0.0,5.6,9.319999999999999,5.9399999999999995,21.0,3.62,0.32566,0.07364,0.39930000000000004,0.38768,2
0,Shola Shoretire,660,Man Utd,FWD,0.0,0.0,0.0,0.0,0.0,0.0,0.0,0.0,0.0,0.0,0.0,0.0,0.0,0.0,0.0,0.0,0.0,0.0,0
0,Chris Wood,354,Newcastle,FWD,4.0,54.8,0.4,0.0,0.6,0.2,0.0,0.0,0.8,14.6,16.24,5.540000000000001,14.2,3.56,0.30968,0.047982000000000004,0.357662,0.42776,1
0,Callum Wilson,356,Newcastle,FWD,4.2,34.0,0.4,0.4,0.2,0.0,0.0,0.0,0.6,13.4,16.36,5.1000000000000005,17.8,3.9,0.39703999999999995,0.013128,0.4101680000000001,0.25179999999999997,1
0,Dwight Gayle,361,Newcastle,FWD,0.0,0.0,0.0,0.0,0.0,0.0,0.0,0.0,0.0,0.0,0.0,0.0,0.0,0.0,0.0,0.0,0.0,0.0,0
0,Alexander Isak,594,Newcastle,FWD,0.0,0.0,0.0,0.0,0.0,0.0,0.0,0.0,0.0,0.0,0.0,0.0,0.0,0.0,0.0,0.0,0.0,0.0,0
0,Lyle Taylor,380,Nott'm Forest,FWD,0.0,0.0,0.0,0.0,0.0,0.0,0.0,0.0,0.0,0.0,0.0,0.0,0.0,0.0,0.0,0.0,0.0,0.0,0
0,Sam Surridge,391,Nott'm Forest,FWD,0.8,9.2,0.0,0.0,0.0,0.2,0.0,0.0,0.0,2.8,1.8399999999999999,0.06,5.0,0.7,0.043820000000000005,0.00038,0.0442,0.27086,1
0,Brennan Johnson,394,Nott'm Forest,FWD,2.4,77.0,0.0,0.2,0.2,1.6,0.0,0.0,0.0,6.4,5.88,7.38,30.2,4.3,0.25157999999999997,0.058316,0.30989600000000006,1.38474,4
0,Taiwo Awoniyi,397,Nott'm Forest,FWD,1.4,44.4,0.0,0.0,0.0,1.4,0.0,0.0,0.0,2.8,3.88,4.62,6.6,1.46,0.09807999999999999,0.013897999999999999,0.111978,0.8465999999999999,9
0,Emmanuel Dennis,585,Nott'm Forest,FWD,1.4,27.8,0.0,0.2,0.0,1.0,0.0,0.0,0.0,4.8,7.159999999999999,5.220000000000001,11.0,2.3400000000000003,0.06528,0.018952,0.084232,0.66154,0
0,Dale Taylor,666,Nott'm Forest,FWD,0.0,0.0,0.0,0.0,0.0,0.0,0.0,0.0,0.0,0.0,0.0,0.0,0.0,0.0,0.0,0.0,0.0,0.0,0
0,Adam Armstrong,408,Southampton,FWD,0.8,18.2,0.0,0.0,0.0,0.8,0.0,0.0,0.0,2.0,1.8,4.48,6.8,1.2399999999999998,0.03713999999999999,0.00835,0.04549,0.48928000000000005,1
0,Che Adams,411,Southampton,FWD,3.8,84.6,0.2,0.2,0.0,2.4,0.0,0.0,0.4,10.4,12.48,15.4,37.4,6.519999999999999,0.40418000000000004,0.160814,0.564994,1.16908,2
0,Sékou Mara,528,Southampton,FWD,0.6,3.4,0.0,0.0,0.0,0.0,0.0,0.0,0.0,2.2,1.0,0.12,1.0,0.18,0.012740000000000001,0.00038599999999999995,0.013125999999999999,0.15768,2
0,Jimmy Morgan,671,Southampton,FWD,0.0,0.0,0.0,0.0,0.0,0.0,0.0,0.0,0.0,0.0,0.0,0.0,0.0,0.0,0.0,0.0,0.0,0.0,0
0,Harry Kane,427,Spurs,FWD,5.8,90.0,0.6,0.2,0.0,2.2,0.0,0.0,1.0,18.8,23.240000000000002,11.58,39.8,7.4799999999999995,0.32765999999999995,0.030912000000000002,0.358572,1.1948,16
0,Dane Scarlett,447,Spurs,FWD,0.0,0.0,0.0,0.0,0.0,0.0,0.0,0.0,0.0,0.0,0.0,0.0,0.0,0.0,0.0,0.0,0.0,0.0,0
0,Troy Parrott,453,Spurs,FWD,0.0,0.0,0.0,0.0,0.0,0.0,0.0,0.0,0.0,0.0,0.0,0.0,0.0,0.0,0.0,0.0,0.0,0.0,0
0,Richarlison de Andrade,454,Spurs,FWD,0.4,13.6,0.0,0.0,0.0,0.4,0.0,0.0,0.0,0.4,1.16,3.04,7.4,1.16,0.0258,0.02039,0.046189999999999995,0.18626,0
0,Michail Antonio,458,West Ham,FWD,1.0,38.0,0.0,0.0,0.0,0.8,0.0,0.0,0.0,2.0,1.6800000000000002,2.8200000000000003,11.6,1.5799999999999998,0.053799999999999994,0.006176,0.05997600000000001,0.7245000000000001,1
0,Gianluca Scamacca,529,West Ham,FWD,0.8,56.2,0.0,0.0,0.0,1.2,0.0,0.0,0.0,0.6,3.4,5.54,16.2,2.52,0.12844,0.01111,0.13955,0.9703799999999999,8
0,Divin Mubama,669,West Ham,FWD,0.3333333333333333,1.0,0.0,0.0,0.0,0.0,0.0,0.0,0.0,1.0,0.0,0.03333333333333333,0.0,0.0,0.0,1.3333333333333335e-05,1.3333333333333335e-05,0.0,0
0,Raúl Jiménez,476,Wolves,FWD,0.2,1.8,0.0,0.0,0.0,0.0,0.0,0.0,0.0,0.4,0.44000000000000006,0.06,7.0,0.76,0.048620000000000003,0.000126,0.048746,0.04228,0
0,Fabio Silva,488,Wolves,FWD,0.0,0.0,0.0,0.0,0.0,0.0,0.0,0.0,0.0,0.0,0.0,0.0,0.0,0.0,0.0,0.0,0.0,0.0,0
0,Sasa Kalajdzic,608,Wolves,FWD,0.0,0.0,0.0,0.0,0.0,0.0,0.0,0.0,0.0,0.0,0.0,0.0,0.0,0.0,0.0,0.0,0.0,0.0,0
0,Diego Da Silva Costa,625,Wolves,FWD,0.2,45.0,0.0,0.0,0.0,0.4,0.0,0.0,0.0,-1.8,1.48,4.959999999999999,17.6,2.3400000000000003,0.09437999999999999,0.02118,0.11556,0.85624,1
0,Nathan Fraser,657,Wolves,FWD,0.0,0.0,0.0,0.0,0.0,0.0,0.0,0.0,0.0,0.0,0.0,0.0,0.0,0.0,0.0,0.0,0.0,0.0,0
0,Matheus Santos Carneiro Da Cunha,682,Wolves,FWD,1.0,24.0,0.0,0.0,0.0,1.0,0.0,0.0,0.0,1.0,9.2,0.3,8.0,1.8,0.1162,0.00039,0.11659,1.4782,1
0,Aaron Ramsdale,15,Arsenal,GKP,4.6,90.0,0.0,0.0,0.6,0.6,0.0,2.2,0.0,19.6,16.4,0.0,0.0,1.64,0.0,0.002764,0.002764,0.72334,6
0,Matt Turner,24,Arsenal,GKP,0.0,0.0,0.0,0.0,0.0,0.0,0.0,0.0,0.0,0.0,0.0,0.0,0.0,0.0,0.0,0.0,0.0,0.0,0
0,Karl Hein,655,Arsenal,GKP,0.0,0.0,0.0,0.0,0.0,0.0,0.0,0.0,0.0,0.0,0.0,0.0,0.0,0.0,0.0,0.0,0.0,0.0,0
0,Emiliano Martínez Romero,31,Aston Villa,GKP,0.8,42.8,0.0,0.0,0.0,0.4,0.0,1.0,0.0,5.8,8.24,2.6,0.0,1.08,0.0,0.040182,0.040182,0.34576,2
0,Robin Olsen,35,Aston Villa,GKP,1.8,47.0,0.0,0.0,0.2,1.4,0.0,1.8,0.2,10.8,13.959999999999999,0.0,0.0,1.38,0.0,0.000686,0.000686,1.2129400000000001,0
0,Filip Marschall,670,Aston Villa,GKP,0.0,0.0,0.0,0.0,0.0,0.0,0.0,0.0,0.0,0.0,0.0,0.0,0.0,0.0,0.0,0.0,0.0,0.0,0
0,Mark Travers,72,Bournemouth,GKP,2.8,90.0,0.0,0.0,0.2,2.2,0.0,2.8,0.2,16.2,23.64,0.0,0.0,2.36,0.0,0.001166,0.001166,1.66268,2
0,Will Dennis,77,Bournemouth,GKP,0.0,0.0,0.0,0.0,0.0,0.0,0.0,0.0,0.0,0.0,0.0,0.0,0.0,0.0,0.0,0.0,0.0,0.0,0
0,Norberto Murara Neto,574,Bournemouth,GKP,0.0,0.0,0.0,0.0,0.0,0.0,0.0,0.0,0.0,0.0,0.0,0.0,0.0,0.0,0.0,0.0,0.0,0.0,0
0,Cameron Plain,649,Bournemouth,GKP,0.0,0.0,0.0,0.0,0.0,0.0,0.0,0.0,0.0,0.0,0.0,0.0,0.0,0.0,0.0,0.0,0.0,0.0,0
0,David Raya Martin,81,Brentford,GKP,4.0,90.0,0.0,0.0,0.2,1.2,0.0,4.8,0.4,22.0,36.239999999999995,0.0,0.0,3.6199999999999997,0.0,0.007342,0.007342,1.20088,3
0,Ellery Balcombe,100,Brentford,GKP,0.0,0.0,0.0,0.0,0.0,0.0,0.0,0.0,0.0,0.0,0.0,0.0,0.0,0.0,0.0,0.0,0.0,0.0,0
0,Thomas Strakosha,517,Brentford,GKP,0.0,0.0,0.0,0.0,0.0,0.0,0.0,0.0,0.0,0.0,0.0,0.0,0.0,0.0,0.0,0.0,0.0,0.0,0
0,Matthew Cox,633,Brentford,GKP,0.0,0.0,0.0,0.0,0.0,0.0,0.0,0.0,0.0,0.0,0.0,0.0,0.0,0.0,0.0,0.0,0.0,0.0,0
0,Jason Steele,102,Brighton,GKP,0.0,0.0,0.0,0.0,0.0,0.0,0.0,0.0,0.0,0.0,0.0,0.0,0.0,0.0,0.0,0.0,0.0,0.0,0
0,Robert Sánchez,113,Brighton,GKP,3.6,90.0,0.0,0.0,0.0,2.0,0.0,3.2,0.6,18.8,32.839999999999996,0.0,0.0,3.28,0.0,0.001652,0.001652,1.77338,3
0,Kjell Scherpen,542,Brighton,GKP,0.0,0.0,0.0,0.0,0.0,0.0,0.0,0.0,0.0,0.0,0.0,0.0,0.0,0.0,0.0,0.0,0.0,0.0,0
0,Kepa Arrizabalaga,133,Chelsea,GKP,2.8,54.0,0.0,0.0,0.2,0.4,0.0,2.0,0.4,13.0,13.919999999999998,0.0,0.0,1.4000000000000001,0.0,0.000282,0.000282,0.76222,0
0,Edouard Mendy,147,Chelsea,GKP,0.8,36.0,0.0,0.0,0.0,0.4,0.0,0.6,0.0,4.6,6.68,0.0,0.0,0.6599999999999999,0.0,0.000194,0.000194,0.65652,0
0,Marcus Bettinelli,635,Chelsea,GKP,0.0,0.0,0.0,0.0,0.0,0.0,0.0,0.0,0.0,0.0,0.0,0.0,0.0,0.0,0.0,0.0,0.0,0.0,0
0,Vicente Guaita,152,Crystal Palace,GKP,4.6,90.0,0.0,0.0,0.4,1.0,0.0,3.0,0.6,20.4,25.48,0.0,0.0,2.54,0.0,0.000374,0.000374,1.17592,0
0,Jack Butland,162,Crystal Palace,GKP,0.0,0.0,0.0,0.0,0.0,0.0,0.0,0.0,0.0,0.0,0.0,0.0,0.0,0.0,0.0,0.0,0.0,0.0,0
0,Sam Johnstone,175,Crystal Palace,GKP,0.0,0.0,0.0,0.0,0.0,0.0,0.0,0.0,0.0,0.0,0.0,0.0,0.0,0.0,0.0,0.0,0.0,0.0,0
0,Remi Matthews,495,Crystal Palace,GKP,0.0,0.0,0.0,0.0,0.0,0.0,0.0,0.0,0.0,0.0,0.0,0.0,0.0,0.0,0.0,0.0,0.0,0.0,0
0,Joseph Whitworth,590,Crystal Palace,GKP,0.0,0.0,0.0,0.0,0.0,0.0,0.0,0.0,0.0,0.0,0.0,0.0,0.0,0.0,0.0,0.0,0.0,0.0,0
0,Owen Goodman,644,Crystal Palace,GKP,0.0,0.0,0.0,0.0,0.0,0.0,0.0,0.0,0.0,0.0,0.0,0.0,0.0,0.0,0.0,0.0,0.0,0.0,0
0,Asmir Begović,176,Everton,GKP,0.0,0.0,0.0,0.0,0.0,0.0,0.0,0.0,0.0,0.0,0.0,0.0,0.0,0.0,0.0,0.0,0.0,0.0,0
0,Jordan Pickford,182,Everton,GKP,3.8,90.0,0.0,0.0,0.2,1.6,0.0,4.2,0.6,19.6,32.72,2.0,0.0,3.4599999999999995,0.0,0.005040000000000001,0.005040000000000001,1.9010199999999997,1
0,Eldin Jakupovic,627,Everton,GKP,0.0,0.0,0.0,0.0,0.0,0.0,0.0,0.0,0.0,0.0,0.0,0.0,0.0,0.0,0.0,0.0,0.0,0.0,0
0,Bernd Leno,2,Fulham,GKP,5.0,90.0,0.0,0.0,0.4,1.0,0.0,3.8,1.0,23.4,27.4,0.0,0.0,2.74,0.0,0.001304,0.001304,1.5097800000000001,0
0,Paulo Gazzaniga Farias,207,Fulham,GKP,0.0,0.0,0.0,0.0,0.0,0.0,0.0,0.0,0.0,0.0,0.0,0.0,0.0,0.0,0.0,0.0,0.0,0.0,0
0,Marek Rodák,213,Fulham,GKP,0.0,0.0,0.0,0.0,0.0,0.0,0.0,0.0,0.0,0.0,0.0,0.0,0.0,0.0,0.0,0.0,0.0,0.0,0
0,Kasper Schmeichel,248,Leicester,GKP,0.0,0.0,0.0,0.0,0.0,0.0,0.0,0.0,0.0,0.0,0.0,0.0,0.0,0.0,0.0,0.0,0.0,0.0,0
0,Danny Ward,254,Leicester,GKP,4.8,90.0,0.0,0.0,0.4,1.2,0.0,3.8,0.8,22.8,30.560000000000002,0.0,0.0,3.06,0.0,0.000218,0.000218,1.5388600000000001,2
0,Daniel Iversen,548,Leicester,GKP,0.0,0.0,0.0,0.0,0.0,0.0,0.0,0.0,0.0,0.0,0.0,0.0,0.0,0.0,0.0,0.0,0.0,0.0,0
0,Alex Smithies,581,Leicester,GKP,0.0,0.0,0.0,0.0,0.0,0.0,0.0,0.0,0.0,0.0,0.0,0.0,0.0,0.0,0.0,0.0,0.0,0.0,0
0,Kristoffer Klaesson,236,Leeds,GKP,0.0,0.0,0.0,0.0,0.0,0.0,0.0,0.0,0.0,0.0,0.0,0.0,0.0,0.0,0.0,0.0,0.0,0.0,0
0,Illan Meslier,238,Leeds,GKP,4.0,90.0,0.0,0.0,0.2,2.2,0.0,5.0,0.8,22.2,38.96,0.0,0.0,3.9,0.0,0.000254,0.000254,2.2432600000000003,1
0,Joel Robles,578,Leeds,GKP,0.0,0.0,0.0,0.0,0.0,0.0,0.0,0.0,0.0,0.0,0.0,0.0,0.0,0.0,0.0,0.0,0.0,0.0,0
0,Alisson Ramses Becker,281,Liverpool,GKP,2.6,90.0,0.0,0.0,0.0,1.2,0.0,3.6,0.0,19.0,32.8,0.0,0.0,3.28,0.0,0.00324,0.00324,1.2646,2
0,Caoimhin Kelleher,289,Liverpool,GKP,0.0,0.0,0.0,0.0,0.0,0.0,0.0,0.0,0.0,0.0,0.0,0.0,0.0,0.0,0.0,0.0,0.0,0.0,0
0,Adrián San Miguel del Castillo,497,Liverpool,GKP,0.0,0.0,0.0,0.0,0.0,0.0,0.0,0.0,0.0,0.0,0.0,0.0,0.0,0.0,0.0,0.0,0.0,0.0,0
0,Harvey Davies,592,Liverpool,GKP,0.0,0.0,0.0,0.0,0.0,0.0,0.0,0.0,0.0,0.0,0.0,0.0,0.0,0.0,0.0,0.0,0.0,0.0,0
0,Ederson Santana de Moraes,307,Man City,GKP,3.4,90.0,0.0,0.0,0.2,1.0,0.0,2.2,0.4,16.6,20.080000000000002,0.02,0.0,2.0,0.0,0.0005980000000000001,0.0005980000000000001,0.7229,8
0,Zack Steffen,310,Man City,GKP,0.0,0.0,0.0,0.0,0.0,0.0,0.0,0.0,0.0,0.0,0.0,0.0,0.0,0.0,0.0,0.0,0.0,0.0,0
0,Stefan Ortega Moreno,324,Man City,GKP,0.0,0.0,0.0,0.0,0.0,0.0,0.0,0.0,0.0,0.0,0.0,0.0,0.0,0.0,0.0,0.0,0.0,0.0,0
0,Scott Carson,502,Man City,GKP,0.0,0.0,0.0,0.0,0.0,0.0,0.0,0.0,0.0,0.0,0.0,0.0,0.0,0.0,0.0,0.0,0.0,0.0,0
0,David De Gea Quintana,327,Man Utd,GKP,5.4,90.0,0.0,0.0,0.6,0.8,0.0,3.4,0.2,22.2,25.44,0.0,0.0,2.56,0.0,0.0002,0.0002,0.9004200000000001,7
0,Tom Heaton,348,Man Utd,GKP,0.0,0.0,0.0,0.0,0.0,0.0,0.0,0.0,0.0,0.0,0.0,0.0,0.0,0.0,0.0,0.0,0.0,0.0,0
0,Matej Kovár,615,Man Utd,GKP,0.0,0.0,0.0,0.0,0.0,0.0,0.0,0.0,0.0,0.0,0.0,0.0,0.0,0.0,0.0,0.0,0.0,0.0,0
0,Nathan Bishop,656,Man Utd,GKP,0.0,0.0,0.0,0.0,0.0,0.0,0.0,0.0,0.0,0.0,0.0,0.0,0.0,0.0,0.0,0.0,0.0,0.0,0
0,Karl Darlow,353,Newcastle,GKP,0.0,0.0,0.0,0.0,0.0,0.0,0.0,0.0,0.0,0.0,0.0,0.0,0.0,0.0,0.0,0.0,0.0,0.0,0
0,Martin Dubravka,355,Newcastle,GKP,0.0,0.0,0.0,0.0,0.0,0.0,0.0,0.0,0.0,0.0,0.0,0.0,0.0,0.0,0.0,0.0,0.0,0.0,0
0,Nick Pope,376,Newcastle,GKP,5.2,90.0,0.0,0.0,0.8,0.2,0.0,1.8,0.0,21.4,13.2,0.0,0.0,1.3199999999999998,0.0,0.00033000000000000005,0.00033000000000000005,0.67958,10
0,Loris Karius,626,Newcastle,GKP,0.0,0.0,0.0,0.0,0.0,0.0,0.0,0.0,0.0,0.0,0.0,0.0,0.0,0.0,0.0,0.0,0.0,0.0,0
0,Brice Samba,382,Nott'm Forest,GKP,0.0,0.0,0.0,0.0,0.0,0.0,0.0,0.0,0.0,0.0,0.0,0.0,0.0,0.0,0.0,0.0,0.0,0.0,0
0,Dean Henderson,398,Nott'm Forest,GKP,1.8,72.0,0.0,0.0,0.2,1.6,0.0,1.0,0.0,8.8,10.120000000000001,0.0,0.0,1.02,0.0,0.000616,0.000616,1.1859799999999998,7
0,Wayne Hennessey,518,Nott'm Forest,GKP,0.4,18.0,0.0,0.0,0.0,0.6,0.0,1.0,0.0,3.2,8.52,0.0,0.0,0.86,0.0,0.00015000000000000001,0.00015000000000000001,0.49424,0
0,Jordan Smith,675,Nott'm Forest,GKP,0.0,0.0,0.0,0.0,0.0,0.0,0.0,0.0,0.0,0.0,0.0,0.0,0.0,0.0,0.0,0.0,0.0,0.0,0
0,Alex McCarthy,401,Southampton,GKP,0.0,0.0,0.0,0.0,0.0,0.0,0.0,0.0,0.0,0.0,0.0,0.0,0.0,0.0,0.0,0.0,0.0,0.0,0
0,Mateusz Lis,421,Southampton,GKP,0.0,0.0,0.0,0.0,0.0,0.0,0.0,0.0,0.0,0.0,0.0,0.0,0.0,0.0,0.0,0.0,0.0,0.0,0
0,Gavin Bazunu,422,Southampton,GKP,2.4,90.0,0.0,0.0,0.0,2.6,0.0,1.8,0.2,15.0,20.32,0.0,0.0,2.0200000000000005,0.0,0.0014579999999999999,0.0014579999999999999,1.17456,2
0,Willy Caballero,424,Southampton,GKP,0.0,0.0,0.0,0.0,0.0,0.0,0.0,0.0,0.0,0.0,0.0,0.0,0.0,0.0,0.0,0.0,0.0,0.0,0
0,Hugo Lloris,425,Spurs,GKP,1.0,72.0,0.0,0.0,0.0,1.8,0.0,2.0,0.0,9.8,15.24,0.0,0.0,1.5400000000000003,0.0,0.00021400000000000005,0.00021400000000000005,0.76428,7
0,Fraser Forster,426,Spurs,GKP,0.4,18.0,0.0,0.0,0.0,0.4,0.0,0.6,0.0,3.0,4.32,0.0,0.0,0.44000000000000006,0.0,1.3999999999999998e-05,1.3999999999999998e-05,0.43052,0
0,Brandon Austin,451,Spurs,GKP,0.0,0.0,0.0,0.0,0.0,0.0,0.0,0.0,0.0,0.0,0.0,0.0,0.0,0.0,0.0,0.0,0.0,0.0,0
0,Lukasz Fabianski,455,West Ham,GKP,3.0,81.0,0.0,0.0,0.0,2.0,0.0,3.4,0.4,17.8,24.839999999999996,0.0,0.0,2.48,0.0,0.00040800000000000005,0.00040800000000000005,1.44738,2
0,Alphonse Areola,473,West Ham,GKP,0.2,9.0,0.0,0.0,0.0,0.0,0.0,0.0,0.0,0.8,0.27999999999999997,0.0,0.0,0.02,0.0,3.8e-05,3.8e-05,0.1055,0
0,Darren Randolph,571,West Ham,GKP,0.0,0.0,0.0,0.0,0.0,0.0,0.0,0.0,0.0,0.0,0.0,0.0,0.0,0.0,0.0,0.0,0.0,0.0,0
0,José Malheiro de Sá,478,Wolves,GKP,2.4,90.0,0.0,0.0,0.0,1.6,0.0,3.6,0.0,16.6,26.919999999999995,0.0,0.0,2.6799999999999997,0.0,0.000306,0.000306,1.7623600000000004,2
0,Matija Šarkić,492,Wolves,GKP,0.0,0.0,0.0,0.0,0.0,0.0,0.0,0.0,0.0,0.0,0.0,0.0,0.0,0.0,0.0,0.0,0.0,0.0,0
0,Jackson Smith,557,Wolves,GKP,0.0,0.0,0.0,0.0,0.0,0.0,0.0,0.0,0.0,0.0,0.0,0.0,0.0,0.0,0.0,0.0,0.0,0.0,0
